3.7005    0
3.7015    0
3.7025    0
3.7035    0
3.7045    0
3.7055    0
3.7065    0
3.7075    0
3.7085    0
3.7095    0
3.7105    0
3.7115    0
3.7125    0
3.7135    0
3.7145    0
3.7155    0
3.7165    0
3.7175    0
3.7185    0
3.7195    0
3.7205    0
3.7215    0
3.7225    0
3.7235    0
3.7245    0
3.7255    0
3.7265    0
3.7275    0
3.7285    0
3.7295    0
3.7305    0
3.7315    0
3.7325    0
3.7335    0
3.7345    0
3.7355    0
3.7365    0
3.7375    0
3.7385    0
3.7395    0
3.7405    0
3.7415    0
3.7425    0
3.7435    0
3.7445    0
3.7455    0
3.7465    0
3.7475    0
3.7485    0
3.7495    0
3.7505    0
3.7515    0
3.7525    0
3.7535    0
3.7545    0
3.7555    0
3.7565    0
3.7575    0
3.7585    0
3.7595    0
3.7605    0
3.7615    0
3.7625    0
3.7635    0
3.7645    0
3.7655    0
3.7665    0
3.7675    0
3.7685    0
3.7695    0
3.7705    0
3.7715    0
3.7725    0
3.7735    0
3.7745    0
3.7755    0
3.7765    0
3.7775    0
3.7785    0
3.7795    0
3.7805    0
3.7815    0
3.7825    0
3.7835    0
3.7845    0
3.7855    0
3.7865    0
3.7875    0
3.7885    0
3.7895    0
3.7905    0
3.7915    0
3.7925    0
3.7935    0
3.7945    0
3.7955    0
3.7965    0
3.7975    0
3.7985    0
3.7995    0
3.8005    0
3.8015    0
3.8025    0
3.8035    0
3.8045    0
3.8055    0
3.8065    0
3.8075    0
3.8085    0
3.8095    0
3.8105    0
3.8115    0
3.8125    0
3.8135    0
3.8145    0
3.8155    0
3.8165    0
3.8175    0
3.8185    0
3.8195    0
3.8205    0
3.8215    0
3.8225    0
3.8235    0
3.8245    0
3.8255    0
3.8265    0
3.8275    0
3.8285    0
3.8295    0
3.8305    0
3.8315    0
3.8325    0
3.8335    0
3.8345    0
3.8355    0
3.8365    0
3.8375    0
3.8385    0
3.8395    0
3.8405    0
3.8415    0
3.8425    0
3.8435    0
3.8445    0
3.8455    0
3.8465    0
3.8475    0
3.8485    0
3.8495    0
3.8505    0
3.8515    0
3.8525    0
3.8535    0
3.8545    0
3.8555    0
3.8565    0
3.8575    0
3.8585    0
3.8595    0
3.8605    0
3.8615    0
3.8625    0
3.8635    0
3.8645    0
3.8655    0
3.8665    0
3.8675    0
3.8685    0
3.8695    0
3.8705    0
3.8715    0
3.8725    0
3.8735    0
3.8745    0
3.8755    0
3.8765    0
3.8775    0
3.8785    0
3.8795    0
3.8805    0
3.8815    0
3.8825    0
3.8835    0
3.8845    0
3.8855    0
3.8865    0
3.8875    0
3.8885    0
3.8895    0
3.8905    0
3.8915    0
3.8925    0
3.8935    0
3.8945    0
3.8955    0
3.8965    0
3.8975    0
3.8985    0
3.8995    0
3.9005    0
3.9015    0
3.9025    0
3.9035    0
3.9045    0
3.9055    0
3.9065    0
3.9075    0
3.9085    0
3.9095    0
3.9105    0
3.9115    0
3.9125    0
3.9135    0
3.9145    0
3.9155    0
3.9165    0
3.9175    0
3.9185    0
3.9195    0
3.9205    0
3.9215    0
3.9225    0
3.9235    0
3.9245    0
3.9255    0
3.9265    0
3.9275    0
3.9285    0
3.9295    0
3.9305    0
3.9315    0
3.9325    0
3.9335    0
3.9345    0
3.9355    0
3.9365    0
3.9375    0
3.9385    0
3.9395    0
3.9405    0
3.9415    0
3.9425    0
3.9435    0
3.9445    0
3.9455    0
3.9465    0
3.9475    0
3.9485    0
3.9495    0
3.9505    0
3.9515    0
3.9525    0
3.9535    0
3.9545    0
3.9555    0
3.9565    0
3.9575    0
3.9585    0
3.9595    0
3.9605    0
3.9615    0
3.9625    0
3.9635    0
3.9645    0
3.9655    0
3.9665    0
3.9675    0
3.9685    0
3.9695    0
3.9705    0
3.9715    0
3.9725    0
3.9735    0
3.9745    0
3.9755    0
3.9765    0
3.9775    0
3.9785    0
3.9795    0
3.9805    0
3.9815    0
3.9825    0
3.9835    0
3.9845    0
3.9855    0
3.9865    0
3.9875    0
3.9885    0
3.9895    0
3.9905    0
3.9915    0
3.9925    0
3.9935    0
3.9945    0
3.9955    0
3.9965    0
3.9975    0
3.9985    0
3.9995    0
4.0005    0
4.0015    0
4.0025    0
4.0035    0
4.0045    0
4.0055    0
4.0065    0
4.0075    0
4.0085    0
4.0095    0
4.0105    0
4.0115    0
4.0125    0
4.0135    0
4.0145    0
4.0155    0
4.0165    0
4.0175    0
4.0185    0
4.0195    0
4.0205    0
4.0215    0
4.0225    0
4.0235    0
4.0245    0
4.0255    0
4.0265    0
4.0275    0
4.0285    0
4.0295    0
4.0305    0
4.0315    0
4.0325    0
4.0335    0
4.0345    0
4.0355    0
4.0365    0
4.0375    0
4.0385    0
4.0395    0
4.0405    0
4.0415    0
4.0425    0
4.0435    0
4.0445    0
4.0455    0
4.0465    0
4.0475    0
4.0485    0
4.0495    0
4.0505    0
4.0515    0
4.0525    0
4.0535    0
4.0545    0
4.0555    0
4.0565    0
4.0575    0
4.0585    0
4.0595    0
4.0605    0
4.0615    0
4.0625    0
4.0635    0
4.0645    0
4.0655    0
4.0665    0
4.0675    0
4.0685    0
4.0695    0
4.0705    0
4.0715    0
4.0725    0
4.0735    0
4.0745    0
4.0755    0
4.0765    0
4.0775    0
4.0785    0
4.0795    0
4.0805    0
4.0815    0
4.0825    0
4.0835    0
4.0845    0
4.0855    0
4.0865    0
4.0875    0
4.0885    0
4.0895    0
4.0905    0
4.0915    0
4.0925    0
4.0935    0
4.0945    0
4.0955    0
4.0965    0
4.0975    0
4.0985    0
4.0995    0
4.1005    0
4.1015    0
4.1025    0
4.1035    0
4.1045    0
4.1055    0
4.1065    0
4.1075    0
4.1085    0
4.1095    0
4.1105    0
4.1115    0
4.1125    0
4.1135    0
4.1145    0
4.1155    0
4.1165    0
4.1175    0
4.1185    0
4.1195    0
4.1205    0
4.1215    0
4.1225    0
4.1235    0
4.1245    0
4.1255    0
4.1265    0
4.1275    0
4.1285    0
4.1295    0
4.1305    0
4.1315    0
4.1325    0
4.1335    0
4.1345    0
4.1355    0
4.1365    0
4.1375    0
4.1385    0
4.1395    0
4.1405    0
4.1415    0
4.1425    0
4.1435    0
4.1445    0
4.1455    0
4.1465    0
4.1475    0
4.1485    0
4.1495    0
4.1505    0
4.1515    0
4.1525    0
4.1535    0
4.1545    0
4.1555    0
4.1565    0
4.1575    0
4.1585    0
4.1595    0
4.1605    0
4.1615    0
4.1625    0
4.1635    0
4.1645    0
4.1655    0
4.1665    0
4.1675    0
4.1685    0
4.1695    0
4.1705    0
4.1715    0
4.1725    0
4.1735    0
4.1745    0
4.1755    0
4.1765    0
4.1775    0
4.1785    0
4.1795    0
4.1805    0
4.1815    0
4.1825    0
4.1835    0
4.1845    0
4.1855    0
4.1865    0
4.1875    0
4.1885    0
4.1895    0
4.1905    0
4.1915    0
4.1925    0
4.1935    0
4.1945    0
4.1955    0
4.1965    0
4.1975    0
4.1985    0
4.1995    0
4.2005    0
4.2015    0
4.2025    0
4.2035    0
4.2045    0
4.2055    0
4.2065    0
4.2075    0
4.2085    0
4.2095    0
4.2105    0
4.2115    0
4.2125    0
4.2135    0
4.2145    0
4.2155    0
4.2165    0
4.2175    0
4.2185    0
4.2195    0
4.2205    0
4.2215    0
4.2225    0
4.2235    0
4.2245    0
4.2255    0
4.2265    0
4.2275    0
4.2285    0
4.2295    0
4.2305    0
4.2315    0
4.2325    0
4.2335    0
4.2345    0
4.2355    0
4.2365    0
4.2375    0
4.2385    0
4.2395    0
4.2405    0
4.2415    0
4.2425    0
4.2435    0
4.2445    0
4.2455    0
4.2465    0
4.2475    0
4.2485    0
4.2495    0
4.2505    0
4.2515    0
4.2525    0
4.2535    0
4.2545    0
4.2555    0
4.2565    0
4.2575    0
4.2585    0
4.2595    0
4.2605    0
4.2615    0
4.2625    0
4.2635    0
4.2645    0
4.2655    0
4.2665    0
4.2675    0
4.2685    0
4.2695    0
4.2705    0
4.2715    0
4.2725    0
4.2735    0
4.2745    0
4.2755    0
4.2765    0
4.2775    0
4.2785    0
4.2795    0
4.2805    0
4.2815    0
4.2825    0
4.2835    0
4.2845    0
4.2855    0
4.2865    0
4.2875    0
4.2885    0
4.2895    0
4.2905    0
4.2915    0
4.2925    0
4.2935    0
4.2945    0
4.2955    0
4.2965    0
4.2975    0
4.2985    0
4.2995    0
4.3005    0
4.3015    0
4.3025    0
4.3035    0
4.3045    0
4.3055    0
4.3065    0
4.3075    0
4.3085    0
4.3095    0
4.3105    0
4.3115    0
4.3125    0
4.3135    0
4.3145    0
4.3155    0
4.3165    0
4.3175    0
4.3185    0
4.3195    0
4.3205    0
4.3215    0
4.3225    0
4.3235    0
4.3245    0
4.3255    0
4.3265    0
4.3275    0
4.3285    0
4.3295    0
4.3305    0
4.3315    0
4.3325    0
4.3335    0
4.3345    0
4.3355    0
4.3365    0
4.3375    0
4.3385    0
4.3395    0
4.3405    0
4.3415    0
4.3425    0
4.3435    0
4.3445    0
4.3455    0
4.3465    0
4.3475    0
4.3485    0
4.3495    0
4.3505    0
4.3515    0
4.3525    0
4.3535    0
4.3545    0
4.3555    0
4.3565    0
4.3575    0
4.3585    0
4.3595    0
4.3605    0
4.3615    0
4.3625    0
4.3635    0
4.3645    0
4.3655    0
4.3665    0
4.3675    0
4.3685    0
4.3695    0
4.3705    0
4.3715    0
4.3725    0
4.3735    0
4.3745    0
4.3755    0
4.3765    0
4.3775    0
4.3785    0
4.3795    0
4.3805    0
4.3815    0
4.3825    0
4.3835    0
4.3845    0
4.3855    0
4.3865    0
4.3875    0
4.3885    0
4.3895    0
4.3905    0
4.3915    0
4.3925    0
4.3935    0
4.3945    0
4.3955    0
4.3965    0
4.3975    0
4.3985    0
4.3995    0
4.4005    0
4.4015    0
4.4025    0
4.4035    0
4.4045    0
4.4055    0
4.4065    0
4.4075    0
4.4085    0
4.4095    0
4.4105    0
4.4115    0
4.4125    0
4.4135    0
4.4145    0
4.4155    0
4.4165    0
4.4175    0
4.4185    0
4.4195    0
4.4205    0
4.4215    0
4.4225    0
4.4235    0
4.4245    0
4.4255    0
4.4265    0
4.4275    0
4.4285    0
4.4295    0
4.4305    0
4.4315    0
4.4325    0
4.4335    0
4.4345    0
4.4355    0
4.4365    0
4.4375    0
4.4385    0
4.4395    0
4.4405    0
4.4415    0
4.4425    0
4.4435    0
4.4445    0
4.4455    0
4.4465    0
4.4475    0
4.4485    0
4.4495    0
4.4505    0
4.4515    0
4.4525    0
4.4535    0
4.4545    0
4.4555    0
4.4565    0
4.4575    0
4.4585    0
4.4595    0
4.4605    0
4.4615    0
4.4625    0
4.4635    0
4.4645    0
4.4655    0
4.4665    0
4.4675    0
4.4685    0
4.4695    0
4.4705    0
4.4715    0
4.4725    0
4.4735    0
4.4745    0
4.4755    0
4.4765    0
4.4775    0
4.4785    0
4.4795    0
4.4805    0
4.4815    0
4.4825    0
4.4835    0
4.4845    0
4.4855    0
4.4865    0
4.4875    0
4.4885    0
4.4895    0
4.4905    0
4.4915    0
4.4925    0
4.4935    0
4.4945    0
4.4955    0
4.4965    0
4.4975    0
4.4985    0
4.4995    0
4.5005    0
4.5015    0
4.5025    0
4.5035    0
4.5045    0
4.5055    0
4.5065    0
4.5075    0
4.5085    0
4.5095    0
4.5105    0
4.5115    0
4.5125    0
4.5135    0
4.5145    0
4.5155    0
4.5165    0
4.5175    0
4.5185    0
4.5195    0
4.5205    0
4.5215    0
4.5225    0
4.5235    0
4.5245    0
4.5255    0
4.5265    0
4.5275    0
4.5285    0
4.5295    0
4.5305    0
4.5315    0
4.5325    0
4.5335    0
4.5345    0
4.5355    0
4.5365    0
4.5375    0
4.5385    0
4.5395    0
4.5405    0
4.5415    0
4.5425    0
4.5435    0
4.5445    0
4.5455    0
4.5465    0
4.5475    0
4.5485    0
4.5495    0
4.5505    0
4.5515    0
4.5525    0
4.5535    0
4.5545    0
4.5555    0
4.5565    0
4.5575    0
4.5585    0
4.5595    0
4.5605    0
4.5615    0
4.5625    0
4.5635    0
4.5645    0
4.5655    0
4.5665    0
4.5675    0
4.5685    0
4.5695    0
4.5705    0
4.5715    0
4.5725    0
4.5735    0
4.5745    0
4.5755    0
4.5765    0
4.5775    0
4.5785    0
4.5795    0
4.5805    0
4.5815    0
4.5825    0
4.5835    0
4.5845    0
4.5855    0
4.5865    0
4.5875    0
4.5885    0
4.5895    0
4.5905    0
4.5915    0
4.5925    0
4.5935    0
4.5945    0
4.5955    0
4.5965    0
4.5975    0
4.5985    0
4.5995    0
4.6005    0
4.6015    0
4.6025    0
4.6035    0
4.6045    0
4.6055    0
4.6065    0
4.6075    0
4.6085    0
4.6095    0
4.6105    0
4.6115    0
4.6125    0
4.6135    0
4.6145    0
4.6155    0
4.6165    0
4.6175    0
4.6185    0
4.6195    0
4.6205    0
4.6215    0
4.6225    0
4.6235    0
4.6245    0
4.6255    0
4.6265    0
4.6275    0
4.6285    0
4.6295    0
4.6305    0
4.6315    0
4.6325    0
4.6335    0
4.6345    0
4.6355    0
4.6365    0
4.6375    0
4.6385    0
4.6395    0
4.6405    0
4.6415    0
4.6425    0
4.6435    0
4.6445    0
4.6455    0
4.6465    0
4.6475    0
4.6485    0
4.6495    0
4.6505    0
4.6515    0
4.6525    0
4.6535    0
4.6545    0
4.6555    0
4.6565    0
4.6575    0
4.6585    0
4.6595    0
4.6605    0
4.6615    0
4.6625    0
4.6635    0
4.6645    0
4.6655    0
4.6665    0
4.6675    0
4.6685    0
4.6695    0
4.6705    0
4.6715    0
4.6725    0
4.6735    0
4.6745    0
4.6755    0
4.6765    0
4.6775    0
4.6785    0
4.6795    0
4.6805    0
4.6815    0
4.6825    0
4.6835    0
4.6845    0
4.6855    0
4.6865    0
4.6875    0
4.6885    0
4.6895    0
4.6905    0
4.6915    0
4.6925    0
4.6935    0
4.6945    0
4.6955    0
4.6965    0
4.6975    0
4.6985    0
4.6995    0
4.7005    0
4.7015    0
4.7025    0
4.7035    0
4.7045    0
4.7055    0
4.7065    0
4.7075    0
4.7085    0
4.7095    0
4.7105    0
4.7115    0
4.7125    0
4.7135    0
4.7145    0
4.7155    0
4.7165    0
4.7175    0
4.7185    0
4.7195    0
4.7205    0
4.7215    0
4.7225    0
4.7235    0
4.7245    0
4.7255    0
4.7265    0
4.7275    0
4.7285    0
4.7295    0
4.7305    0
4.7315    0
4.7325    0
4.7335    0
4.7345    0
4.7355    0
4.7365    0
4.7375    0
4.7385    0
4.7395    0
4.7405    0
4.7415    0
4.7425    0
4.7435    0
4.7445    0
4.7455    0
4.7465    0
4.7475    0
4.7485    0
4.7495    0
4.7505    0
4.7515    0
4.7525    0
4.7535    0
4.7545    0
4.7555    0
4.7565    0
4.7575    0
4.7585    0
4.7595    0
4.7605    0
4.7615    0
4.7625    0
4.7635    0
4.7645    0
4.7655    0
4.7665    0
4.7675    0
4.7685    0
4.7695    0
4.7705    0
4.7715    0
4.7725    0
4.7735    0
4.7745    0
4.7755    0
4.7765    0
4.7775    0
4.7785    0
4.7795    0
4.7805    0
4.7815    0
4.7825    0
4.7835    0
4.7845    0
4.7855    0
4.7865    0
4.7875    0
4.7885    0
4.7895    0
4.7905    0
4.7915    0
4.7925    0
4.7935    0
4.7945    0
4.7955    0
4.7965    0
4.7975    0
4.7985    0
4.7995    0
4.8005    0
4.8015    0
4.8025    0
4.8035    0
4.8045    0
4.8055    0
4.8065    0
4.8075    0
4.8085    0
4.8095    0
4.8105    0
4.8115    0
4.8125    0
4.8135    0
4.8145    0
4.8155    0
4.8165    0
4.8175    0
4.8185    0
4.8195    0
4.8205    0
4.8215    0
4.8225    0
4.8235    0
4.8245    0
4.8255    0
4.8265    0
4.8275    0
4.8285    0
4.8295    0
4.8305    0
4.8315    0
4.8325    1.50565e-24
4.8335    2.38549e-21
4.8345    9.87234e-20
4.8355    1.20795e-18
4.8365    7.96593e-18
4.8375    3.61114e-17
4.8385    1.27263e-16
4.8395    3.74293e-16
4.8405    9.60632e-16
4.8415    2.21683e-15
4.8425    4.69755e-15
4.8435    9.28208e-15
4.8445    1.7301e-14
4.8455    3.06916e-14
4.8465    5.21838e-14
4.8475    8.55193e-14
4.8485    1.35704e-13
4.8495    2.09295e-13
4.8505    3.14727e-13
4.8515    4.6267e-13
4.8525    6.66424e-13
4.8535    9.42358e-13
4.8545    1.31037e-12
4.8555    1.7944e-12
4.8565    2.42296e-12
4.8575    3.2297e-12
4.8585    4.25404e-12
4.8595    5.54176e-12
4.8605    7.14569e-12
4.8615    9.12641e-12
4.8625    1.15529e-11
4.8635    1.45034e-11
4.8645    1.8066e-11
4.8655    2.23396e-11
4.8665    2.74345e-11
4.8675    3.34735e-11
4.8685    4.05924e-11
4.8695    4.89411e-11
4.8705    5.86841e-11
4.8715    7.00019e-11
4.8725    8.30912e-11
4.8735    9.81665e-11
4.8745    1.1546e-10
4.8755    1.35224e-10
4.8765    1.57729e-10
4.8775    1.83269e-10
4.8785    2.12156e-10
4.8795    2.44729e-10
4.8805    2.81346e-10
4.8815    3.22392e-10
4.8825    3.68276e-10
4.8835    4.19433e-10
4.8845    4.76324e-10
4.8855    5.39438e-10
4.8865    6.09292e-10
4.8875    6.86431e-10
4.8885    7.71431e-10
4.8895    8.64897e-10
4.8905    9.67465e-10
4.8915    1.0798e-09
4.8925    1.20261e-09
4.8935    1.33662e-09
4.8945    1.4826e-09
4.8955    1.64136e-09
4.8965    1.81371e-09
4.8975    2.00054e-09
4.8985    2.20275e-09
4.8995    2.42128e-09
4.9005    2.65711e-09
4.9015    2.91125e-09
4.9025    3.18476e-09
4.9035    3.47873e-09
4.9045    3.79428e-09
4.9055    4.13259e-09
4.9065    4.49485e-09
4.9075    4.88231e-09
4.9085    5.29626e-09
4.9095    5.73802e-09
4.9105    6.20895e-09
4.9115    6.71046e-09
4.9125    7.24399e-09
4.9135    7.81102e-09
4.9145    8.41308e-09
4.9155    9.05174e-09
4.9165    9.72859e-09
4.9175    1.04453e-08
4.9185    1.12035e-08
4.9195    1.2005e-08
4.9205    1.28516e-08
4.9215    1.3745e-08
4.9225    1.4687e-08
4.9235    1.56797e-08
4.9245    1.67249e-08
4.9255    1.78246e-08
4.9265    1.89808e-08
4.9275    2.01956e-08
4.9285    2.14711e-08
4.9295    2.28093e-08
4.9305    2.42126e-08
4.9315    2.5683e-08
4.9325    2.7223e-08
4.9335    2.88346e-08
4.9345    3.05204e-08
4.9355    3.22827e-08
4.9365    3.41239e-08
4.9375    3.60464e-08
4.9385    3.80528e-08
4.9395    4.01455e-08
4.9405    4.23273e-08
4.9415    4.46005e-08
4.9425    4.69681e-08
4.9435    4.94325e-08
4.9445    5.19965e-08
4.9455    5.4663e-08
4.9465    5.74346e-08
4.9475    6.03143e-08
4.9485    6.33049e-08
4.9495    6.64093e-08
4.9505    6.96304e-08
4.9515    7.29713e-08
4.9525    7.64349e-08
4.9535    8.00244e-08
4.9545    8.37427e-08
4.9555    8.7593e-08
4.9565    9.15785e-08
4.9575    9.57023e-08
4.9585    9.99677e-08
4.9595    1.04378e-07
4.9605    1.08936e-07
4.9615    1.13646e-07
4.9625    1.1851e-07
4.9635    1.23533e-07
4.9645    1.28717e-07
4.9655    1.34066e-07
4.9665    1.39584e-07
4.9675    1.45274e-07
4.9685    1.51139e-07
4.9695    1.57183e-07
4.9705    1.6341e-07
4.9715    1.69823e-07
4.9725    1.76426e-07
4.9735    1.83223e-07
4.9745    1.90217e-07
4.9755    1.97412e-07
4.9765    2.04811e-07
4.9775    2.1242e-07
4.9785    2.20241e-07
4.9795    2.28278e-07
4.9805    2.36535e-07
4.9815    2.45016e-07
4.9825    2.53725e-07
4.9835    2.62666e-07
4.9845    2.71843e-07
4.9855    2.81259e-07
4.9865    2.9092e-07
4.9875    3.00828e-07
4.9885    3.10988e-07
4.9895    3.21404e-07
4.9905    3.3208e-07
4.9915    3.43021e-07
4.9925    3.5423e-07
4.9935    3.65711e-07
4.9945    3.77469e-07
4.9955    3.89508e-07
4.9965    4.01833e-07
4.9975    4.14446e-07
4.9985    4.27354e-07
4.9995    4.40559e-07
5.0005    4.54067e-07
5.0015    4.67881e-07
5.0025    4.82007e-07
5.0035    4.96447e-07
5.0045    5.11208e-07
5.0055    5.26293e-07
5.0065    5.41706e-07
5.0075    5.57453e-07
5.0085    5.73537e-07
5.0095    5.89962e-07
5.0105    6.06735e-07
5.0115    6.23858e-07
5.0125    6.41337e-07
5.0135    6.59176e-07
5.0145    6.7738e-07
5.0155    6.95953e-07
5.0165    7.149e-07
5.0175    7.34225e-07
5.0185    7.53934e-07
5.0195    7.7403e-07
5.0205    7.94518e-07
5.0215    8.15403e-07
5.0225    8.36691e-07
5.0235    8.58384e-07
5.0245    8.80489e-07
5.0255    9.03009e-07
5.0265    9.2595e-07
5.0275    9.49317e-07
5.0285    9.73113e-07
5.0295    9.97345e-07
5.0305    1.02202e-06
5.0315    1.04713e-06
5.0325    1.0727e-06
5.0335    1.09872e-06
5.0345    1.12519e-06
5.0355    1.15214e-06
5.0365    1.17955e-06
5.0375    1.20743e-06
5.0385    1.23579e-06
5.0395    1.26464e-06
5.0405    1.29397e-06
5.0415    1.3238e-06
5.0425    1.35413e-06
5.0435    1.38496e-06
5.0445    1.41629e-06
5.0455    1.44814e-06
5.0465    1.48051e-06
5.0475    1.5134e-06
5.0485    1.54682e-06
5.0495    1.58077e-06
5.0505    1.61526e-06
5.0515    1.6503e-06
5.0525    1.68588e-06
5.0535    1.72201e-06
5.0545    1.7587e-06
5.0555    1.79596e-06
5.0565    1.83378e-06
5.0575    1.87218e-06
5.0585    1.91116e-06
5.0595    1.95072e-06
5.0605    1.99087e-06
5.0615    2.03161e-06
5.0625    2.07295e-06
5.0635    2.11489e-06
5.0645    2.15745e-06
5.0655    2.20062e-06
5.0665    2.24441e-06
5.0675    2.28882e-06
5.0685    2.33386e-06
5.0695    2.37954e-06
5.0705    2.42586e-06
5.0715    2.47282e-06
5.0725    2.52044e-06
5.0735    2.56871e-06
5.0745    2.61764e-06
5.0755    2.66724e-06
5.0765    2.71751e-06
5.0775    2.76846e-06
5.0785    2.82009e-06
5.0795    2.8724e-06
5.0805    2.92541e-06
5.0815    2.97912e-06
5.0825    3.03353e-06
5.0835    3.08865e-06
5.0845    3.14448e-06
5.0855    3.20103e-06
5.0865    3.25831e-06
5.0875    3.31631e-06
5.0885    3.37505e-06
5.0895    3.43453e-06
5.0905    3.49476e-06
5.0915    3.55574e-06
5.0925    3.61747e-06
5.0935    3.67997e-06
5.0945    3.74323e-06
5.0955    3.80726e-06
5.0965    3.87208e-06
5.0975    3.93767e-06
5.0985    4.00406e-06
5.0995    4.07124e-06
5.1005    4.13922e-06
5.1015    4.208e-06
5.1025    4.27759e-06
5.1035    4.348e-06
5.1045    4.41923e-06
5.1055    4.49129e-06
5.1065    4.56418e-06
5.1075    4.6379e-06
5.1085    4.71247e-06
5.1095    4.78789e-06
5.1105    4.86416e-06
5.1115    4.94129e-06
5.1125    5.01928e-06
5.1135    5.09814e-06
5.1145    5.17788e-06
5.1155    5.2585e-06
5.1165    5.34001e-06
5.1175    5.42241e-06
5.1185    5.50571e-06
5.1195    5.58991e-06
5.1205    5.67501e-06
5.1215    5.76104e-06
5.1225    5.84798e-06
5.1235    5.93584e-06
5.1245    6.02464e-06
5.1255    6.11437e-06
5.1265    6.20505e-06
5.1275    6.29667e-06
5.1285    6.38925e-06
5.1295    6.48278e-06
5.1305    6.57728e-06
5.1315    6.67274e-06
5.1325    6.76919e-06
5.1335    6.86661e-06
5.1345    6.96502e-06
5.1355    7.06441e-06
5.1365    7.16481e-06
5.1375    7.26621e-06
5.1385    7.36862e-06
5.1395    7.47204e-06
5.1405    7.57649e-06
5.1415    7.68195e-06
5.1425    7.78845e-06
5.1435    7.89599e-06
5.1445    8.00456e-06
5.1455    8.11419e-06
5.1465    8.22487e-06
5.1475    8.3366e-06
5.1485    8.4494e-06
5.1495    8.56328e-06
5.1505    8.67822e-06
5.1515    8.79425e-06
5.1525    8.91137e-06
5.1535    9.02958e-06
5.1545    9.14889e-06
5.1555    9.2693e-06
5.1565    9.39083e-06
5.1575    9.51346e-06
5.1585    9.63722e-06
5.1595    9.76211e-06
5.1605    9.88813e-06
5.1615    1.00153e-05
5.1625    1.01436e-05
5.1635    1.0273e-05
5.1645    1.04036e-05
5.1655    1.05354e-05
5.1665    1.06684e-05
5.1675    1.08025e-05
5.1685    1.09377e-05
5.1695    1.10742e-05
5.1705    1.12119e-05
5.1715    1.13507e-05
5.1725    1.14908e-05
5.1735    1.16321e-05
5.1745    1.17745e-05
5.1755    1.19182e-05
5.1765    1.20631e-05
5.1775    1.22093e-05
5.1785    1.23567e-05
5.1795    1.25053e-05
5.1805    1.26552e-05
5.1815    1.28063e-05
5.1825    1.29587e-05
5.1835    1.31124e-05
5.1845    1.32673e-05
5.1855    1.34235e-05
5.1865    1.3581e-05
5.1875    1.37397e-05
5.1885    1.38998e-05
5.1895    1.40611e-05
5.1905    1.42238e-05
5.1915    1.43878e-05
5.1925    1.45531e-05
5.1935    1.47197e-05
5.1945    1.48877e-05
5.1955    1.50569e-05
5.1965    1.52276e-05
5.1975    1.53995e-05
5.1985    1.55728e-05
5.1995    1.57475e-05
5.2005    1.59236e-05
5.2015    1.6101e-05
5.2025    1.62798e-05
5.2035    1.64599e-05
5.2045    1.66415e-05
5.2055    1.68244e-05
5.2065    1.70088e-05
5.2075    1.71945e-05
5.2085    1.73817e-05
5.2095    1.75703e-05
5.2105    1.77603e-05
5.2115    1.79517e-05
5.2125    1.81445e-05
5.2135    1.83388e-05
5.2145    1.85346e-05
5.2155    1.87318e-05
5.2165    1.89304e-05
5.2175    1.91306e-05
5.2185    1.93321e-05
5.2195    1.95352e-05
5.2205    1.97398e-05
5.2215    1.99458e-05
5.2225    2.01533e-05
5.2235    2.03623e-05
5.2245    2.05729e-05
5.2255    2.07849e-05
5.2265    2.09985e-05
5.2275    2.12135e-05
5.2285    2.14301e-05
5.2295    2.16483e-05
5.2305    2.1868e-05
5.2315    2.20892e-05
5.2325    2.2312e-05
5.2335    2.25363e-05
5.2345    2.27622e-05
5.2355    2.29897e-05
5.2365    2.32187e-05
5.2375    2.34494e-05
5.2385    2.36816e-05
5.2395    2.39154e-05
5.2405    2.41508e-05
5.2415    2.43878e-05
5.2425    2.46265e-05
5.2435    2.48667e-05
5.2445    2.51086e-05
5.2455    2.53521e-05
5.2465    2.55972e-05
5.2475    2.5844e-05
5.2485    2.60924e-05
5.2495    2.63425e-05
5.2505    2.65943e-05
5.2515    2.68477e-05
5.2525    2.71028e-05
5.2535    2.73595e-05
5.2545    2.76179e-05
5.2555    2.78781e-05
5.2565    2.81399e-05
5.2575    2.84034e-05
5.2585    2.86687e-05
5.2595    2.89356e-05
5.2605    2.92043e-05
5.2615    2.94747e-05
5.2625    2.97468e-05
5.2635    3.00207e-05
5.2645    3.02963e-05
5.2655    3.05736e-05
5.2665    3.08527e-05
5.2675    3.11336e-05
5.2685    3.14163e-05
5.2695    3.17007e-05
5.2705    3.19869e-05
5.2715    3.22749e-05
5.2725    3.25646e-05
5.2735    3.28562e-05
5.2745    3.31496e-05
5.2755    3.34448e-05
5.2765    3.37418e-05
5.2775    3.40406e-05
5.2785    3.43412e-05
5.2795    3.46437e-05
5.2805    3.49481e-05
5.2815    3.52542e-05
5.2825    3.55623e-05
5.2835    3.58721e-05
5.2845    3.61839e-05
5.2855    3.64975e-05
5.2865    3.6813e-05
5.2875    3.71304e-05
5.2885    3.74496e-05
5.2895    3.77708e-05
5.2905    3.80939e-05
5.2915    3.84188e-05
5.2925    3.87457e-05
5.2935    3.90745e-05
5.2945    3.94053e-05
5.2955    3.97379e-05
5.2965    4.00725e-05
5.2975    4.0409e-05
5.2985    4.07475e-05
5.2995    4.1088e-05
5.3005    4.14304e-05
5.3015    4.17748e-05
5.3025    4.21211e-05
5.3035    4.24694e-05
5.3045    4.28197e-05
5.3055    4.3172e-05
5.3065    4.35263e-05
5.3075    4.38826e-05
5.3085    4.4241e-05
5.3095    4.46013e-05
5.3105    4.49636e-05
5.3115    4.5328e-05
5.3125    4.56944e-05
5.3135    4.60629e-05
5.3145    4.64334e-05
5.3155    4.6806e-05
5.3165    4.71806e-05
5.3175    4.75573e-05
5.3185    4.7936e-05
5.3195    4.83168e-05
5.3205    4.86997e-05
5.3215    4.90847e-05
5.3225    4.94718e-05
5.3235    4.9861e-05
5.3245    5.02523e-05
5.3255    5.06458e-05
5.3265    5.10413e-05
5.3275    5.14389e-05
5.3285    5.18387e-05
5.3295    5.22407e-05
5.3305    5.26447e-05
5.3315    5.3051e-05
5.3325    5.34594e-05
5.3335    5.38699e-05
5.3345    5.42826e-05
5.3355    5.46975e-05
5.3365    5.51146e-05
5.3375    5.55338e-05
5.3385    5.59553e-05
5.3395    5.63789e-05
5.3405    5.68048e-05
5.3415    5.72328e-05
5.3425    5.76631e-05
5.3435    5.80956e-05
5.3445    5.85303e-05
5.3455    5.89673e-05
5.3465    5.94065e-05
5.3475    5.98479e-05
5.3485    6.02916e-05
5.3495    6.07376e-05
5.3505    6.11858e-05
5.3515    6.16363e-05
5.3525    6.20891e-05
5.3535    6.25442e-05
5.3545    6.30015e-05
5.3555    6.34612e-05
5.3565    6.39231e-05
5.3575    6.43874e-05
5.3585    6.4854e-05
5.3595    6.53229e-05
5.3605    6.57941e-05
5.3615    6.62676e-05
5.3625    6.67435e-05
5.3635    6.72218e-05
5.3645    6.77024e-05
5.3655    6.81853e-05
5.3665    6.86706e-05
5.3675    6.91583e-05
5.3685    6.96483e-05
5.3695    7.01407e-05
5.3705    7.06356e-05
5.3715    7.11328e-05
5.3725    7.16324e-05
5.3735    7.21344e-05
5.3745    7.26388e-05
5.3755    7.31457e-05
5.3765    7.36549e-05
5.3775    7.41666e-05
5.3785    7.46808e-05
5.3795    7.51973e-05
5.3805    7.57163e-05
5.3815    7.62378e-05
5.3825    7.67617e-05
5.3835    7.72881e-05
5.3845    7.7817e-05
5.3855    7.83484e-05
5.3865    7.88822e-05
5.3875    7.94185e-05
5.3885    7.99573e-05
5.3895    8.04986e-05
5.3905    8.10425e-05
5.3915    8.15888e-05
5.3925    8.21377e-05
5.3935    8.2689e-05
5.3945    8.3243e-05
5.3955    8.37994e-05
5.3965    8.43584e-05
5.3975    8.492e-05
5.3985    8.54841e-05
5.3995    8.60507e-05
5.4005    8.662e-05
5.4015    8.71918e-05
5.4025    8.77662e-05
5.4035    8.83431e-05
5.4045    8.89227e-05
5.4055    8.95049e-05
5.4065    9.00896e-05
5.4075    9.0677e-05
5.4085    9.1267e-05
5.4095    9.18596e-05
5.4105    9.24549e-05
5.4115    9.30527e-05
5.4125    9.36533e-05
5.4135    9.42564e-05
5.4145    9.48622e-05
5.4155    9.54707e-05
5.4165    9.60818e-05
5.4175    9.66957e-05
5.4185    9.73121e-05
5.4195    9.79313e-05
5.4205    9.85531e-05
5.4215    9.91777e-05
5.4225    9.98049e-05
5.4235    0.000100435
5.4245    0.000101068
5.4255    0.000101703
5.4265    0.000102341
5.4275    0.000102982
5.4285    0.000103625
5.4295    0.000104272
5.4305    0.000104921
5.4315    0.000105573
5.4325    0.000106227
5.4335    0.000106884
5.4345    0.000107545
5.4355    0.000108207
5.4365    0.000108873
5.4375    0.000109542
5.4385    0.000110213
5.4395    0.000110887
5.4405    0.000111564
5.4415    0.000112243
5.4425    0.000112926
5.4435    0.000113611
5.4445    0.000114299
5.4455    0.00011499
5.4465    0.000115684
5.4475    0.000116381
5.4485    0.00011708
5.4495    0.000117783
5.4505    0.000118488
5.4515    0.000119196
5.4525    0.000119907
5.4535    0.000120621
5.4545    0.000121337
5.4555    0.000122057
5.4565    0.00012278
5.4575    0.000123505
5.4585    0.000124233
5.4595    0.000124965
5.4605    0.000125699
5.4615    0.000126436
5.4625    0.000127176
5.4635    0.000127919
5.4645    0.000128665
5.4655    0.000129414
5.4665    0.000130166
5.4675    0.000130921
5.4685    0.000131678
5.4695    0.000132439
5.4705    0.000133203
5.4715    0.00013397
5.4725    0.000134739
5.4735    0.000135512
5.4745    0.000136288
5.4755    0.000137066
5.4765    0.000137848
5.4775    0.000138633
5.4785    0.000139421
5.4795    0.000140212
5.4805    0.000141005
5.4815    0.000141802
5.4825    0.000142602
5.4835    0.000143405
5.4845    0.000144211
5.4855    0.000145021
5.4865    0.000145833
5.4875    0.000146648
5.4885    0.000147466
5.4895    0.000148288
5.4905    0.000149113
5.4915    0.00014994
5.4925    0.000150771
5.4935    0.000151605
5.4945    0.000152442
5.4955    0.000153282
5.4965    0.000154125
5.4975    0.000154972
5.4985    0.000155821
5.4995    0.000156674
5.5005    0.00015753
5.5015    0.000158389
5.5025    0.000159251
5.5035    0.000160116
5.5045    0.000160984
5.5055    0.000161856
5.5065    0.000162731
5.5075    0.000163609
5.5085    0.00016449
5.5095    0.000165375
5.5105    0.000166262
5.5115    0.000167153
5.5125    0.000168047
5.5135    0.000168945
5.5145    0.000169845
5.5155    0.000170749
5.5165    0.000171656
5.5175    0.000172566
5.5185    0.00017348
5.5195    0.000174396
5.5205    0.000175316
5.5215    0.00017624
5.5225    0.000177166
5.5235    0.000178096
5.5245    0.000179029
5.5255    0.000179966
5.5265    0.000180905
5.5275    0.000181848
5.5285    0.000182795
5.5295    0.000183744
5.5305    0.000184697
5.5315    0.000185653
5.5325    0.000186613
5.5335    0.000187576
5.5345    0.000188542
5.5355    0.000189512
5.5365    0.000190485
5.5375    0.000191461
5.5385    0.000192441
5.5395    0.000193424
5.5405    0.00019441
5.5415    0.0001954
5.5425    0.000196393
5.5435    0.00019739
5.5445    0.00019839
5.5455    0.000199393
5.5465    0.0002004
5.5475    0.00020141
5.5485    0.000202423
5.5495    0.00020344
5.5505    0.000204461
5.5515    0.000205485
5.5525    0.000206512
5.5535    0.000207543
5.5545    0.000208577
5.5555    0.000209614
5.5565    0.000210655
5.5575    0.0002117
5.5585    0.000212748
5.5595    0.000213799
5.5605    0.000214854
5.5615    0.000215913
5.5625    0.000216975
5.5635    0.00021804
5.5645    0.000219109
5.5655    0.000220181
5.5665    0.000221257
5.5675    0.000222337
5.5685    0.00022342
5.5695    0.000224506
5.5705    0.000225596
5.5715    0.00022669
5.5725    0.000227787
5.5735    0.000228887
5.5745    0.000229992
5.5755    0.000231099
5.5765    0.000232211
5.5775    0.000233325
5.5785    0.000234444
5.5795    0.000235566
5.5805    0.000236691
5.5815    0.000237821
5.5825    0.000238953
5.5835    0.00024009
5.5845    0.00024123
5.5855    0.000242373
5.5865    0.00024352
5.5875    0.000244671
5.5885    0.000245825
5.5895    0.000246983
5.5905    0.000248145
5.5915    0.00024931
5.5925    0.000250479
5.5935    0.000251652
5.5945    0.000252828
5.5955    0.000254008
5.5965    0.000255192
5.5975    0.000256379
5.5985    0.00025757
5.5995    0.000258764
5.6005    0.000259962
5.6015    0.000261164
5.6025    0.00026237
5.6035    0.000263579
5.6045    0.000264792
5.6055    0.000266009
5.6065    0.000267229
5.6075    0.000268453
5.6085    0.000269681
5.6095    0.000270913
5.6105    0.000272148
5.6115    0.000273387
5.6125    0.00027463
5.6135    0.000275876
5.6145    0.000277127
5.6155    0.000278381
5.6165    0.000279638
5.6175    0.0002809
5.6185    0.000282165
5.6195    0.000283434
5.6205    0.000284707
5.6215    0.000285984
5.6225    0.000287264
5.6235    0.000288548
5.6245    0.000289836
5.6255    0.000291128
5.6265    0.000292424
5.6275    0.000293723
5.6285    0.000295026
5.6295    0.000296333
5.6305    0.000297644
5.6315    0.000298959
5.6325    0.000300277
5.6335    0.0003016
5.6345    0.000302926
5.6355    0.000304256
5.6365    0.00030559
5.6375    0.000306928
5.6385    0.000308269
5.6395    0.000309615
5.6405    0.000310964
5.6415    0.000312317
5.6425    0.000313674
5.6435    0.000315035
5.6445    0.0003164
5.6455    0.000317769
5.6465    0.000319142
5.6475    0.000320518
5.6485    0.000321899
5.6495    0.000323283
5.6505    0.000324672
5.6515    0.000326064
5.6525    0.00032746
5.6535    0.00032886
5.6545    0.000330264
5.6555    0.000331672
5.6565    0.000333084
5.6575    0.0003345
5.6585    0.000335919
5.6595    0.000337343
5.6605    0.000338771
5.6615    0.000340203
5.6625    0.000341638
5.6635    0.000343078
5.6645    0.000344521
5.6655    0.000345969
5.6665    0.00034742
5.6675    0.000348876
5.6685    0.000350336
5.6695    0.000351799
5.6705    0.000353267
5.6715    0.000354738
5.6725    0.000356214
5.6735    0.000357693
5.6745    0.000359177
5.6755    0.000360664
5.6765    0.000362156
5.6775    0.000363652
5.6785    0.000365151
5.6795    0.000366655
5.6805    0.000368163
5.6815    0.000369675
5.6825    0.000371191
5.6835    0.000372711
5.6845    0.000374235
5.6855    0.000375763
5.6865    0.000377295
5.6875    0.000378831
5.6885    0.000380372
5.6895    0.000381916
5.6905    0.000383464
5.6915    0.000385017
5.6925    0.000386574
5.6935    0.000388134
5.6945    0.000389699
5.6955    0.000391268
5.6965    0.000392841
5.6975    0.000394419
5.6985    0.000396
5.6995    0.000397585
5.7005    0.000399175
5.7015    0.000400769
5.7025    0.000402366
5.7035    0.000403968
5.7045    0.000405574
5.7055    0.000407185
5.7065    0.000408799
5.7075    0.000410418
5.7085    0.00041204
5.7095    0.000413667
5.7105    0.000415298
5.7115    0.000416934
5.7125    0.000418573
5.7135    0.000420217
5.7145    0.000421864
5.7155    0.000423516
5.7165    0.000425173
5.7175    0.000426833
5.7185    0.000428497
5.7195    0.000430166
5.7205    0.000431839
5.7215    0.000433516
5.7225    0.000435198
5.7235    0.000436883
5.7245    0.000438573
5.7255    0.000440267
5.7265    0.000441965
5.7275    0.000443668
5.7285    0.000445375
5.7295    0.000447085
5.7305    0.000448801
5.7315    0.00045052
5.7325    0.000452244
5.7335    0.000453972
5.7345    0.000455704
5.7355    0.00045744
5.7365    0.000459181
5.7375    0.000460926
5.7385    0.000462676
5.7395    0.000464429
5.7405    0.000466187
5.7415    0.000467949
5.7425    0.000469715
5.7435    0.000471486
5.7445    0.000473261
5.7455    0.00047504
5.7465    0.000476824
5.7475    0.000478612
5.7485    0.000480404
5.7495    0.000482201
5.7505    0.000484001
5.7515    0.000485807
5.7525    0.000487616
5.7535    0.00048943
5.7545    0.000491248
5.7555    0.00049307
5.7565    0.000494897
5.7575    0.000496728
5.7585    0.000498564
5.7595    0.000500404
5.7605    0.000502248
5.7615    0.000504096
5.7625    0.000505949
5.7635    0.000507806
5.7645    0.000509668
5.7655    0.000511534
5.7665    0.000513404
5.7675    0.000515279
5.7685    0.000517158
5.7695    0.000519042
5.7705    0.000520929
5.7715    0.000522822
5.7725    0.000524718
5.7735    0.000526619
5.7745    0.000528525
5.7755    0.000530435
5.7765    0.000532349
5.7775    0.000534267
5.7785    0.00053619
5.7795    0.000538118
5.7805    0.00054005
5.7815    0.000541986
5.7825    0.000543927
5.7835    0.000545872
5.7845    0.000547821
5.7855    0.000549775
5.7865    0.000551734
5.7875    0.000553697
5.7885    0.000555664
5.7895    0.000557636
5.7905    0.000559612
5.7915    0.000561592
5.7925    0.000563577
5.7935    0.000565567
5.7945    0.000567561
5.7955    0.000569559
5.7965    0.000571562
5.7975    0.00057357
5.7985    0.000575582
5.7995    0.000577598
5.8005    0.000579619
5.8015    0.000581644
5.8025    0.000583674
5.8035    0.000585708
5.8045    0.000587747
5.8055    0.00058979
5.8065    0.000591838
5.8075    0.00059389
5.8085    0.000595947
5.8095    0.000598008
5.8105    0.000600074
5.8115    0.000602144
5.8125    0.000604219
5.8135    0.000606298
5.8145    0.000608382
5.8155    0.00061047
5.8165    0.000612563
5.8175    0.00061466
5.8185    0.000616762
5.8195    0.000618868
5.8205    0.000620979
5.8215    0.000623095
5.8225    0.000625215
5.8235    0.000627339
5.8245    0.000629468
5.8255    0.000631602
5.8265    0.00063374
5.8275    0.000635883
5.8285    0.00063803
5.8295    0.000640182
5.8305    0.000642339
5.8315    0.0006445
5.8325    0.000646665
5.8335    0.000648835
5.8345    0.00065101
5.8355    0.000653189
5.8365    0.000655373
5.8375    0.000657561
5.8385    0.000659754
5.8395    0.000661952
5.8405    0.000664154
5.8415    0.000666361
5.8425    0.000668572
5.8435    0.000670788
5.8445    0.000673009
5.8455    0.000675234
5.8465    0.000677464
5.8475    0.000679698
5.8485    0.000681937
5.8495    0.00068418
5.8505    0.000686429
5.8515    0.000688681
5.8525    0.000690939
5.8535    0.000693201
5.8545    0.000695467
5.8555    0.000697739
5.8565    0.000700015
5.8575    0.000702295
5.8585    0.00070458
5.8595    0.00070687
5.8605    0.000709164
5.8615    0.000711463
5.8625    0.000713767
5.8635    0.000716075
5.8645    0.000718388
5.8655    0.000720706
5.8665    0.000723028
5.8675    0.000725355
5.8685    0.000727687
5.8695    0.000730023
5.8705    0.000732364
5.8715    0.000734709
5.8725    0.00073706
5.8735    0.000739414
5.8745    0.000741774
5.8755    0.000744138
5.8765    0.000746507
5.8775    0.00074888
5.8785    0.000751259
5.8795    0.000753642
5.8805    0.000756029
5.8815    0.000758421
5.8825    0.000760818
5.8835    0.00076322
5.8845    0.000765626
5.8855    0.000768037
5.8865    0.000770453
5.8875    0.000772873
5.8885    0.000775298
5.8895    0.000777728
5.8905    0.000780163
5.8915    0.000782602
5.8925    0.000785046
5.8935    0.000787494
5.8945    0.000789947
5.8955    0.000792405
5.8965    0.000794868
5.8975    0.000797336
5.8985    0.000799808
5.8995    0.000802285
5.9005    0.000804766
5.9015    0.000807252
5.9025    0.000809743
5.9035    0.000812239
5.9045    0.00081474
5.9055    0.000817245
5.9065    0.000819755
5.9075    0.000822269
5.9085    0.000824789
5.9095    0.000827313
5.9105    0.000829842
5.9115    0.000832375
5.9125    0.000834914
5.9135    0.000837457
5.9145    0.000840004
5.9155    0.000842557
5.9165    0.000845114
5.9175    0.000847676
5.9185    0.000850243
5.9195    0.000852815
5.9205    0.000855391
5.9215    0.000857972
5.9225    0.000860558
5.9235    0.000863148
5.9245    0.000865744
5.9255    0.000868344
5.9265    0.000870949
5.9275    0.000873558
5.9285    0.000876173
5.9295    0.000878792
5.9305    0.000881416
5.9315    0.000884045
5.9325    0.000886678
5.9335    0.000889316
5.9345    0.000891959
5.9355    0.000894607
5.9365    0.00089726
5.9375    0.000899917
5.9385    0.000902579
5.9395    0.000905246
5.9405    0.000907918
5.9415    0.000910595
5.9425    0.000913276
5.9435    0.000915962
5.9445    0.000918653
5.9455    0.000921348
5.9465    0.000924049
5.9475    0.000926754
5.9485    0.000929464
5.9495    0.000932179
5.9505    0.000934899
5.9515    0.000937623
5.9525    0.000940352
5.9535    0.000943086
5.9545    0.000945825
5.9555    0.000948569
5.9565    0.000951317
5.9575    0.000954071
5.9585    0.000956829
5.9595    0.000959592
5.9605    0.000962359
5.9615    0.000965132
5.9625    0.000967909
5.9635    0.000970691
5.9645    0.000973478
5.9655    0.00097627
5.9665    0.000979067
5.9675    0.000981868
5.9685    0.000984675
5.9695    0.000987486
5.9705    0.000990301
5.9715    0.000993122
5.9725    0.000995948
5.9735    0.000998778
5.9745    0.00100161
5.9755    0.00100445
5.9765    0.0010073
5.9775    0.00101015
5.9785    0.001013
5.9795    0.00101586
5.9805    0.00101873
5.9815    0.0010216
5.9825    0.00102447
5.9835    0.00102735
5.9845    0.00103023
5.9855    0.00103312
5.9865    0.00103601
5.9875    0.00103891
5.9885    0.00104181
5.9895    0.00104472
5.9905    0.00104763
5.9915    0.00105055
5.9925    0.00105347
5.9935    0.0010564
5.9945    0.00105933
5.9955    0.00106227
5.9965    0.00106521
5.9975    0.00106816
5.9985    0.00107111
5.9995    0.00107407
6.0005    0.00107703
6.0015    0.00107999
6.0025    0.00108296
6.0035    0.00108594
6.0045    0.00108892
6.0055    0.00109191
6.0065    0.0010949
6.0075    0.00109789
6.0085    0.00110089
6.0095    0.0011039
6.0105    0.00110691
6.0115    0.00110992
6.0125    0.00111294
6.0135    0.00111596
6.0145    0.00111899
6.0155    0.00112203
6.0165    0.00112507
6.0175    0.00112811
6.0185    0.00113116
6.0195    0.00113421
6.0205    0.00113727
6.0215    0.00114033
6.0225    0.0011434
6.0235    0.00114647
6.0245    0.00114955
6.0255    0.00115263
6.0265    0.00115572
6.0275    0.00115881
6.0285    0.00116191
6.0295    0.00116501
6.0305    0.00116812
6.0315    0.00117123
6.0325    0.00117435
6.0335    0.00117747
6.0345    0.0011806
6.0355    0.00118373
6.0365    0.00118687
6.0375    0.00119001
6.0385    0.00119315
6.0395    0.0011963
6.0405    0.00119946
6.0415    0.00120262
6.0425    0.00120579
6.0435    0.00120896
6.0445    0.00121213
6.0455    0.00121531
6.0465    0.0012185
6.0475    0.00122169
6.0485    0.00122488
6.0495    0.00122808
6.0505    0.00123129
6.0515    0.0012345
6.0525    0.00123771
6.0535    0.00124093
6.0545    0.00124415
6.0555    0.00124738
6.0565    0.00125062
6.0575    0.00125386
6.0585    0.0012571
6.0595    0.00126035
6.0605    0.0012636
6.0615    0.00126686
6.0625    0.00127012
6.0635    0.00127339
6.0645    0.00127666
6.0655    0.00127994
6.0665    0.00128322
6.0675    0.00128651
6.0685    0.00128981
6.0695    0.0012931
6.0705    0.0012964
6.0715    0.00129971
6.0725    0.00130302
6.0735    0.00130634
6.0745    0.00130966
6.0755    0.00131299
6.0765    0.00131632
6.0775    0.00131966
6.0785    0.001323
6.0795    0.00132635
6.0805    0.0013297
6.0815    0.00133305
6.0825    0.00133641
6.0835    0.00133978
6.0845    0.00134315
6.0855    0.00134653
6.0865    0.00134991
6.0875    0.00135329
6.0885    0.00135668
6.0895    0.00136008
6.0905    0.00136348
6.0915    0.00136688
6.0925    0.00137029
6.0935    0.00137371
6.0945    0.00137713
6.0955    0.00138055
6.0965    0.00138398
6.0975    0.00138742
6.0985    0.00139086
6.0995    0.0013943
6.1005    0.00139775
6.1015    0.0014012
6.1025    0.00140466
6.1035    0.00140813
6.1045    0.00141159
6.1055    0.00141507
6.1065    0.00141855
6.1075    0.00142203
6.1085    0.00142552
6.1095    0.00142901
6.1105    0.00143251
6.1115    0.00143601
6.1125    0.00143952
6.1135    0.00144303
6.1145    0.00144655
6.1155    0.00145007
6.1165    0.0014536
6.1175    0.00145713
6.1185    0.00146067
6.1195    0.00146421
6.1205    0.00146776
6.1215    0.00147131
6.1225    0.00147487
6.1235    0.00147843
6.1245    0.00148199
6.1255    0.00148556
6.1265    0.00148914
6.1275    0.00149272
6.1285    0.00149631
6.1295    0.0014999
6.1305    0.00150349
6.1315    0.00150709
6.1325    0.0015107
6.1335    0.00151431
6.1345    0.00151793
6.1355    0.00152155
6.1365    0.00152517
6.1375    0.0015288
6.1385    0.00153244
6.1395    0.00153607
6.1405    0.00153972
6.1415    0.00154337
6.1425    0.00154702
6.1435    0.00155068
6.1445    0.00155435
6.1455    0.00155801
6.1465    0.00156169
6.1475    0.00156537
6.1485    0.00156905
6.1495    0.00157274
6.1505    0.00157643
6.1515    0.00158013
6.1525    0.00158383
6.1535    0.00158754
6.1545    0.00159125
6.1555    0.00159497
6.1565    0.00159869
6.1575    0.00160242
6.1585    0.00160615
6.1595    0.00160989
6.1605    0.00161363
6.1615    0.00161738
6.1625    0.00162113
6.1635    0.00162489
6.1645    0.00162865
6.1655    0.00163242
6.1665    0.00163619
6.1675    0.00163996
6.1685    0.00164374
6.1695    0.00164753
6.1705    0.00165132
6.1715    0.00165512
6.1725    0.00165892
6.1735    0.00166272
6.1745    0.00166653
6.1755    0.00167035
6.1765    0.00167417
6.1775    0.00167799
6.1785    0.00168182
6.1795    0.00168565
6.1805    0.00168949
6.1815    0.00169334
6.1825    0.00169719
6.1835    0.00170104
6.1845    0.0017049
6.1855    0.00170876
6.1865    0.00171263
6.1875    0.0017165
6.1885    0.00172038
6.1895    0.00172426
6.1905    0.00172815
6.1915    0.00173204
6.1925    0.00173594
6.1935    0.00173984
6.1945    0.00174375
6.1955    0.00174766
6.1965    0.00175158
6.1975    0.0017555
6.1985    0.00175943
6.1995    0.00176336
6.2005    0.00176729
6.2015    0.00177124
6.2025    0.00177518
6.2035    0.00177913
6.2045    0.00178309
6.2055    0.00178705
6.2065    0.00179101
6.2075    0.00179498
6.2085    0.00179896
6.2095    0.00180294
6.2105    0.00180692
6.2115    0.00181091
6.2125    0.0018149
6.2135    0.0018189
6.2145    0.00182291
6.2155    0.00182692
6.2165    0.00183093
6.2175    0.00183495
6.2185    0.00183897
6.2195    0.001843
6.2205    0.00184703
6.2215    0.00185107
6.2225    0.00185511
6.2235    0.00185916
6.2245    0.00186321
6.2255    0.00186727
6.2265    0.00187133
6.2275    0.00187539
6.2285    0.00187947
6.2295    0.00188354
6.2305    0.00188762
6.2315    0.00189171
6.2325    0.0018958
6.2335    0.00189989
6.2345    0.00190399
6.2355    0.0019081
6.2365    0.00191221
6.2375    0.00191632
6.2385    0.00192044
6.2395    0.00192457
6.2405    0.00192869
6.2415    0.00193283
6.2425    0.00193697
6.2435    0.00194111
6.2445    0.00194526
6.2455    0.00194941
6.2465    0.00195357
6.2475    0.00195773
6.2485    0.0019619
6.2495    0.00196607
6.2505    0.00197025
6.2515    0.00197443
6.2525    0.00197861
6.2535    0.00198281
6.2545    0.001987
6.2555    0.0019912
6.2565    0.00199541
6.2575    0.00199962
6.2585    0.00200383
6.2595    0.00200805
6.2605    0.00201228
6.2615    0.00201651
6.2625    0.00202074
6.2635    0.00202498
6.2645    0.00202922
6.2655    0.00203347
6.2665    0.00203772
6.2675    0.00204198
6.2685    0.00204624
6.2695    0.00205051
6.2705    0.00205478
6.2715    0.00205906
6.2725    0.00206334
6.2735    0.00206763
6.2745    0.00207192
6.2755    0.00207622
6.2765    0.00208052
6.2775    0.00208482
6.2785    0.00208913
6.2795    0.00209345
6.2805    0.00209777
6.2815    0.00210209
6.2825    0.00210642
6.2835    0.00211076
6.2845    0.00211509
6.2855    0.00211944
6.2865    0.00212379
6.2875    0.00212814
6.2885    0.0021325
6.2895    0.00213686
6.2905    0.00214123
6.2915    0.0021456
6.2925    0.00214997
6.2935    0.00215435
6.2945    0.00215874
6.2955    0.00216313
6.2965    0.00216753
6.2975    0.00217193
6.2985    0.00217633
6.2995    0.00218074
6.3005    0.00218516
6.3015    0.00218957
6.3025    0.002194
6.3035    0.00219843
6.3045    0.00220286
6.3055    0.0022073
6.3065    0.00221174
6.3075    0.00221619
6.3085    0.00222064
6.3095    0.0022251
6.3105    0.00222956
6.3115    0.00223402
6.3125    0.00223849
6.3135    0.00224297
6.3145    0.00224745
6.3155    0.00225194
6.3165    0.00225642
6.3175    0.00226092
6.3185    0.00226542
6.3195    0.00226992
6.3205    0.00227443
6.3215    0.00227894
6.3225    0.00228346
6.3235    0.00228798
6.3245    0.00229251
6.3255    0.00229704
6.3265    0.00230158
6.3275    0.00230612
6.3285    0.00231066
6.3295    0.00231522
6.3305    0.00231977
6.3315    0.00232433
6.3325    0.00232889
6.3335    0.00233346
6.3345    0.00233804
6.3355    0.00234262
6.3365    0.0023472
6.3375    0.00235179
6.3385    0.00235638
6.3395    0.00236098
6.3405    0.00236558
6.3415    0.00237018
6.3425    0.00237479
6.3435    0.00237941
6.3445    0.00238403
6.3455    0.00238866
6.3465    0.00239329
6.3475    0.00239792
6.3485    0.00240256
6.3495    0.0024072
6.3505    0.00241185
6.3515    0.0024165
6.3525    0.00242116
6.3535    0.00242582
6.3545    0.00243049
6.3555    0.00243516
6.3565    0.00243984
6.3575    0.00244452
6.3585    0.0024492
6.3595    0.00245389
6.3605    0.00245859
6.3615    0.00246328
6.3625    0.00246799
6.3635    0.0024727
6.3645    0.00247741
6.3655    0.00248213
6.3665    0.00248685
6.3675    0.00249157
6.3685    0.00249631
6.3695    0.00250104
6.3705    0.00250578
6.3715    0.00251053
6.3725    0.00251528
6.3735    0.00252003
6.3745    0.00252479
6.3755    0.00252955
6.3765    0.00253432
6.3775    0.00253909
6.3785    0.00254387
6.3795    0.00254865
6.3805    0.00255344
6.3815    0.00255823
6.3825    0.00256303
6.3835    0.00256783
6.3845    0.00257263
6.3855    0.00257744
6.3865    0.00258225
6.3875    0.00258707
6.3885    0.00259189
6.3895    0.00259672
6.3905    0.00260155
6.3915    0.00260639
6.3925    0.00261123
6.3935    0.00261608
6.3945    0.00262093
6.3955    0.00262578
6.3965    0.00263064
6.3975    0.0026355
6.3985    0.00264037
6.3995    0.00264525
6.4005    0.00265012
6.4015    0.00265501
6.4025    0.00265989
6.4035    0.00266478
6.4045    0.00266968
6.4055    0.00267458
6.4065    0.00267948
6.4075    0.00268439
6.4085    0.00268931
6.4095    0.00269422
6.4105    0.00269915
6.4115    0.00270408
6.4125    0.00270901
6.4135    0.00271394
6.4145    0.00271888
6.4155    0.00272383
6.4165    0.00272878
6.4175    0.00273373
6.4185    0.00273869
6.4195    0.00274366
6.4205    0.00274862
6.4215    0.0027536
6.4225    0.00275857
6.4235    0.00276355
6.4245    0.00276854
6.4255    0.00277353
6.4265    0.00277853
6.4275    0.00278353
6.4285    0.00278853
6.4295    0.00279354
6.4305    0.00279855
6.4315    0.00280357
6.4325    0.00280859
6.4335    0.00281362
6.4345    0.00281865
6.4355    0.00282368
6.4365    0.00282872
6.4375    0.00283377
6.4385    0.00283881
6.4395    0.00284387
6.4405    0.00284892
6.4415    0.00285399
6.4425    0.00285905
6.4435    0.00286412
6.4445    0.0028692
6.4455    0.00287428
6.4465    0.00287936
6.4475    0.00288445
6.4485    0.00288954
6.4495    0.00289464
6.4505    0.00289974
6.4515    0.00290485
6.4525    0.00290996
6.4535    0.00291508
6.4545    0.0029202
6.4555    0.00292532
6.4565    0.00293045
6.4575    0.00293558
6.4585    0.00294072
6.4595    0.00294586
6.4605    0.00295101
6.4615    0.00295616
6.4625    0.00296131
6.4635    0.00296647
6.4645    0.00297164
6.4655    0.00297681
6.4665    0.00298198
6.4675    0.00298716
6.4685    0.00299234
6.4695    0.00299752
6.4705    0.00300271
6.4715    0.00300791
6.4725    0.00301311
6.4735    0.00301831
6.4745    0.00302352
6.4755    0.00302873
6.4765    0.00303395
6.4775    0.00303917
6.4785    0.0030444
6.4795    0.00304962
6.4805    0.00305486
6.4815    0.0030601
6.4825    0.00306534
6.4835    0.00307059
6.4845    0.00307584
6.4855    0.0030811
6.4865    0.00308636
6.4875    0.00309162
6.4885    0.00309689
6.4895    0.00310216
6.4905    0.00310744
6.4915    0.00311272
6.4925    0.00311801
6.4935    0.0031233
6.4945    0.0031286
6.4955    0.0031339
6.4965    0.0031392
6.4975    0.00314451
6.4985    0.00314982
6.4995    0.00315514
6.5005    0.00316046
6.5015    0.00316578
6.5025    0.00317111
6.5035    0.00317645
6.5045    0.00318179
6.5055    0.00318713
6.5065    0.00319248
6.5075    0.00319783
6.5085    0.00320319
6.5095    0.00320855
6.5105    0.00321391
6.5115    0.00321928
6.5125    0.00322465
6.5135    0.00323003
6.5145    0.00323541
6.5155    0.0032408
6.5165    0.00324619
6.5175    0.00325158
6.5185    0.00325698
6.5195    0.00326238
6.5205    0.00326779
6.5215    0.0032732
6.5225    0.00327862
6.5235    0.00328404
6.5245    0.00328946
6.5255    0.00329489
6.5265    0.00330033
6.5275    0.00330576
6.5285    0.00331121
6.5295    0.00331665
6.5305    0.0033221
6.5315    0.00332756
6.5325    0.00333301
6.5335    0.00333848
6.5345    0.00334394
6.5355    0.00334942
6.5365    0.00335489
6.5375    0.00336037
6.5385    0.00336586
6.5395    0.00337134
6.5405    0.00337684
6.5415    0.00338233
6.5425    0.00338784
6.5435    0.00339334
6.5445    0.00339885
6.5455    0.00340437
6.5465    0.00340988
6.5475    0.00341541
6.5485    0.00342093
6.5495    0.00342646
6.5505    0.003432
6.5515    0.00343754
6.5525    0.00344308
6.5535    0.00344863
6.5545    0.00345418
6.5555    0.00345974
6.5565    0.0034653
6.5575    0.00347086
6.5585    0.00347643
6.5595    0.003482
6.5605    0.00348758
6.5615    0.00349316
6.5625    0.00349875
6.5635    0.00350434
6.5645    0.00350993
6.5655    0.00351553
6.5665    0.00352113
6.5675    0.00352674
6.5685    0.00353235
6.5695    0.00353796
6.5705    0.00354358
6.5715    0.0035492
6.5725    0.00355483
6.5735    0.00356046
6.5745    0.0035661
6.5755    0.00357174
6.5765    0.00357738
6.5775    0.00358303
6.5785    0.00358868
6.5795    0.00359434
6.5805    0.0036
6.5815    0.00360567
6.5825    0.00361133
6.5835    0.00361701
6.5845    0.00362268
6.5855    0.00362837
6.5865    0.00363405
6.5875    0.00363974
6.5885    0.00364543
6.5895    0.00365113
6.5905    0.00365683
6.5915    0.00366254
6.5925    0.00366825
6.5935    0.00367397
6.5945    0.00367968
6.5955    0.00368541
6.5965    0.00369113
6.5975    0.00369686
6.5985    0.0037026
6.5995    0.00370834
6.6005    0.00371408
6.6015    0.00371983
6.6025    0.00372558
6.6035    0.00373133
6.6045    0.00373709
6.6055    0.00374286
6.6065    0.00374863
6.6075    0.0037544
6.6085    0.00376017
6.6095    0.00376595
6.6105    0.00377174
6.6115    0.00377753
6.6125    0.00378332
6.6135    0.00378911
6.6145    0.00379491
6.6155    0.00380072
6.6165    0.00380653
6.6175    0.00381234
6.6185    0.00381816
6.6195    0.00382398
6.6205    0.0038298
6.6215    0.00383563
6.6225    0.00384146
6.6235    0.0038473
6.6245    0.00385314
6.6255    0.00385899
6.6265    0.00386484
6.6275    0.00387069
6.6285    0.00387655
6.6295    0.00388241
6.6305    0.00388827
6.6315    0.00389414
6.6325    0.00390002
6.6335    0.00390589
6.6345    0.00391177
6.6355    0.00391766
6.6365    0.00392355
6.6375    0.00392944
6.6385    0.00393534
6.6395    0.00394124
6.6405    0.00394715
6.6415    0.00395306
6.6425    0.00395897
6.6435    0.00396489
6.6445    0.00397081
6.6455    0.00397674
6.6465    0.00398266
6.6475    0.0039886
6.6485    0.00399454
6.6495    0.00400048
6.6505    0.00400642
6.6515    0.00401237
6.6525    0.00401833
6.6535    0.00402428
6.6545    0.00403025
6.6555    0.00403621
6.6565    0.00404218
6.6575    0.00404815
6.6585    0.00405413
6.6595    0.00406011
6.6605    0.0040661
6.6615    0.00407209
6.6625    0.00407808
6.6635    0.00408408
6.6645    0.00409008
6.6655    0.00409608
6.6665    0.00410209
6.6675    0.00410811
6.6685    0.00411412
6.6695    0.00412014
6.6705    0.00412617
6.6715    0.0041322
6.6725    0.00413823
6.6735    0.00414427
6.6745    0.00415031
6.6755    0.00415635
6.6765    0.0041624
6.6775    0.00416845
6.6785    0.00417451
6.6795    0.00418057
6.6805    0.00418663
6.6815    0.0041927
6.6825    0.00419877
6.6835    0.00420485
6.6845    0.00421093
6.6855    0.00421701
6.6865    0.0042231
6.6875    0.00422919
6.6885    0.00423529
6.6895    0.00424139
6.6905    0.00424749
6.6915    0.0042536
6.6925    0.00425971
6.6935    0.00426583
6.6945    0.00427194
6.6955    0.00427807
6.6965    0.00428419
6.6975    0.00429032
6.6985    0.00429646
6.6995    0.0043026
6.7005    0.00430874
6.7015    0.00431489
6.7025    0.00432104
6.7035    0.00432719
6.7045    0.00433335
6.7055    0.00433951
6.7065    0.00434567
6.7075    0.00435184
6.7085    0.00435802
6.7095    0.00436419
6.7105    0.00437038
6.7115    0.00437656
6.7125    0.00438275
6.7135    0.00438894
6.7145    0.00439514
6.7155    0.00440134
6.7165    0.00440754
6.7175    0.00441375
6.7185    0.00441996
6.7195    0.00442618
6.7205    0.0044324
6.7215    0.00443862
6.7225    0.00444485
6.7235    0.00445108
6.7245    0.00445731
6.7255    0.00446355
6.7265    0.00446979
6.7275    0.00447604
6.7285    0.00448229
6.7295    0.00448854
6.7305    0.0044948
6.7315    0.00450106
6.7325    0.00450733
6.7335    0.0045136
6.7345    0.00451987
6.7355    0.00452615
6.7365    0.00453243
6.7375    0.00453871
6.7385    0.004545
6.7395    0.00455129
6.7405    0.00455759
6.7415    0.00456389
6.7425    0.00457019
6.7435    0.0045765
6.7445    0.00458281
6.7455    0.00458912
6.7465    0.00459544
6.7475    0.00460176
6.7485    0.00460809
6.7495    0.00461442
6.7505    0.00462075
6.7515    0.00462709
6.7525    0.00463343
6.7535    0.00463977
6.7545    0.00464612
6.7555    0.00465247
6.7565    0.00465883
6.7575    0.00466519
6.7585    0.00467155
6.7595    0.00467792
6.7605    0.00468429
6.7615    0.00469067
6.7625    0.00469705
6.7635    0.00470343
6.7645    0.00470981
6.7655    0.0047162
6.7665    0.0047226
6.7675    0.00472899
6.7685    0.0047354
6.7695    0.0047418
6.7705    0.00474821
6.7715    0.00475462
6.7725    0.00476104
6.7735    0.00476746
6.7745    0.00477388
6.7755    0.00478031
6.7765    0.00478674
6.7775    0.00479317
6.7785    0.00479961
6.7795    0.00480605
6.7805    0.0048125
6.7815    0.00481895
6.7825    0.0048254
6.7835    0.00483186
6.7845    0.00483832
6.7855    0.00484478
6.7865    0.00485125
6.7875    0.00485772
6.7885    0.0048642
6.7895    0.00487068
6.7905    0.00487716
6.7915    0.00488364
6.7925    0.00489013
6.7935    0.00489663
6.7945    0.00490313
6.7955    0.00490963
6.7965    0.00491613
6.7975    0.00492264
6.7985    0.00492915
6.7995    0.00493567
6.8005    0.00494219
6.8015    0.00494871
6.8025    0.00495524
6.8035    0.00496177
6.8045    0.0049683
6.8055    0.00497484
6.8065    0.00498138
6.8075    0.00498793
6.8085    0.00499447
6.8095    0.00500103
6.8105    0.00500758
6.8115    0.00501414
6.8125    0.0050207
6.8135    0.00502727
6.8145    0.00503384
6.8155    0.00504042
6.8165    0.00504699
6.8175    0.00505358
6.8185    0.00506016
6.8195    0.00506675
6.8205    0.00507334
6.8215    0.00507994
6.8225    0.00508654
6.8235    0.00509314
6.8245    0.00509975
6.8255    0.00510636
6.8265    0.00511297
6.8275    0.00511959
6.8285    0.00512621
6.8295    0.00513284
6.8305    0.00513946
6.8315    0.0051461
6.8325    0.00515273
6.8335    0.00515937
6.8345    0.00516601
6.8355    0.00517266
6.8365    0.00517931
6.8375    0.00518597
6.8385    0.00519262
6.8395    0.00519928
6.8405    0.00520595
6.8415    0.00521262
6.8425    0.00521929
6.8435    0.00522596
6.8445    0.00523264
6.8455    0.00523932
6.8465    0.00524601
6.8475    0.0052527
6.8485    0.00525939
6.8495    0.00526609
6.8505    0.00527279
6.8515    0.00527949
6.8525    0.0052862
6.8535    0.00529291
6.8545    0.00529963
6.8555    0.00530635
6.8565    0.00531307
6.8575    0.00531979
6.8585    0.00532652
6.8595    0.00533325
6.8605    0.00533999
6.8615    0.00534673
6.8625    0.00535347
6.8635    0.00536022
6.8645    0.00536697
6.8655    0.00537372
6.8665    0.00538048
6.8675    0.00538724
6.8685    0.00539401
6.8695    0.00540077
6.8705    0.00540754
6.8715    0.00541432
6.8725    0.0054211
6.8735    0.00542788
6.8745    0.00543467
6.8755    0.00544145
6.8765    0.00544825
6.8775    0.00545504
6.8785    0.00546184
6.8795    0.00546865
6.8805    0.00547545
6.8815    0.00548226
6.8825    0.00548908
6.8835    0.00549589
6.8845    0.00550271
6.8855    0.00550954
6.8865    0.00551637
6.8875    0.0055232
6.8885    0.00553003
6.8895    0.00553687
6.8905    0.00554371
6.8915    0.00555056
6.8925    0.00555741
6.8935    0.00556426
6.8945    0.00557111
6.8955    0.00557797
6.8965    0.00558484
6.8975    0.0055917
6.8985    0.00559857
6.8995    0.00560545
6.9005    0.00561232
6.9015    0.0056192
6.9025    0.00562609
6.9035    0.00563297
6.9045    0.00563986
6.9055    0.00564676
6.9065    0.00565366
6.9075    0.00566056
6.9085    0.00566746
6.9095    0.00567437
6.9105    0.00568128
6.9115    0.0056882
6.9125    0.00569511
6.9135    0.00570204
6.9145    0.00570896
6.9155    0.00571589
6.9165    0.00572282
6.9175    0.00572976
6.9185    0.0057367
6.9195    0.00574364
6.9205    0.00575059
6.9215    0.00575754
6.9225    0.00576449
6.9235    0.00577144
6.9245    0.0057784
6.9255    0.00578537
6.9265    0.00579233
6.9275    0.0057993
6.9285    0.00580628
6.9295    0.00581326
6.9305    0.00582024
6.9315    0.00582722
6.9325    0.00583421
6.9335    0.0058412
6.9345    0.00584819
6.9355    0.00585519
6.9365    0.00586219
6.9375    0.0058692
6.9385    0.0058762
6.9395    0.00588322
6.9405    0.00589023
6.9415    0.00589725
6.9425    0.00590427
6.9435    0.00591129
6.9445    0.00591832
6.9455    0.00592536
6.9465    0.00593239
6.9475    0.00593943
6.9485    0.00594647
6.9495    0.00595352
6.9505    0.00596057
6.9515    0.00596762
6.9525    0.00597467
6.9535    0.00598173
6.9545    0.0059888
6.9555    0.00599586
6.9565    0.00600293
6.9575    0.00601
6.9585    0.00601708
6.9595    0.00602416
6.9605    0.00603124
6.9615    0.00603833
6.9625    0.00604542
6.9635    0.00605251
6.9645    0.00605961
6.9655    0.00606671
6.9665    0.00607381
6.9675    0.00608092
6.9685    0.00608803
6.9695    0.00609514
6.9705    0.00610226
6.9715    0.00610938
6.9725    0.0061165
6.9735    0.00612363
6.9745    0.00613076
6.9755    0.00613789
6.9765    0.00614503
6.9775    0.00615217
6.9785    0.00615931
6.9795    0.00616646
6.9805    0.00617361
6.9815    0.00618076
6.9825    0.00618792
6.9835    0.00619508
6.9845    0.00620225
6.9855    0.00620941
6.9865    0.00621658
6.9875    0.00622376
6.9885    0.00623094
6.9895    0.00623812
6.9905    0.0062453
6.9915    0.00625249
6.9925    0.00625968
6.9935    0.00626687
6.9945    0.00627407
6.9955    0.00628127
6.9965    0.00628848
6.9975    0.00629568
6.9985    0.00630289
6.9995    0.00631011
7.0005    0.00631733
7.0015    0.00632455
7.0025    0.00633177
7.0035    0.006339
7.0045    0.00634623
7.0055    0.00635346
7.0065    0.0063607
7.0075    0.00636794
7.0085    0.00637519
7.0095    0.00638243
7.0105    0.00638968
7.0115    0.00639694
7.0125    0.0064042
7.0135    0.00641146
7.0145    0.00641872
7.0155    0.00642599
7.0165    0.00643326
7.0175    0.00644053
7.0185    0.00644781
7.0195    0.00645509
7.0205    0.00646238
7.0215    0.00646966
7.0225    0.00647695
7.0235    0.00648425
7.0245    0.00649155
7.0255    0.00649885
7.0265    0.00650615
7.0275    0.00651346
7.0285    0.00652077
7.0295    0.00652808
7.0305    0.0065354
7.0315    0.00654272
7.0325    0.00655004
7.0335    0.00655737
7.0345    0.0065647
7.0355    0.00657204
7.0365    0.00657937
7.0375    0.00658671
7.0385    0.00659406
7.0395    0.0066014
7.0405    0.00660875
7.0415    0.00661611
7.0425    0.00662346
7.0435    0.00663082
7.0445    0.00663819
7.0455    0.00664555
7.0465    0.00665292
7.0475    0.0066603
7.0485    0.00666767
7.0495    0.00667505
7.0505    0.00668244
7.0515    0.00668982
7.0525    0.00669721
7.0535    0.00670461
7.0545    0.006712
7.0555    0.0067194
7.0565    0.0067268
7.0575    0.00673421
7.0585    0.00674162
7.0595    0.00674903
7.0605    0.00675645
7.0615    0.00676387
7.0625    0.00677129
7.0635    0.00677872
7.0645    0.00678614
7.0655    0.00679358
7.0665    0.00680101
7.0675    0.00680845
7.0685    0.00681589
7.0695    0.00682334
7.0705    0.00683079
7.0715    0.00683824
7.0725    0.00684569
7.0735    0.00685315
7.0745    0.00686061
7.0755    0.00686808
7.0765    0.00687555
7.0775    0.00688302
7.0785    0.00689049
7.0795    0.00689797
7.0805    0.00690545
7.0815    0.00691294
7.0825    0.00692043
7.0835    0.00692792
7.0845    0.00693541
7.0855    0.00694291
7.0865    0.00695041
7.0875    0.00695791
7.0885    0.00696542
7.0895    0.00697293
7.0905    0.00698044
7.0915    0.00698796
7.0925    0.00699548
7.0935    0.00700301
7.0945    0.00701053
7.0955    0.00701806
7.0965    0.0070256
7.0975    0.00703313
7.0985    0.00704067
7.0995    0.00704822
7.1005    0.00705576
7.1015    0.00706331
7.1025    0.00707086
7.1035    0.00707842
7.1045    0.00708598
7.1055    0.00709354
7.1065    0.00710111
7.1075    0.00710868
7.1085    0.00711625
7.1095    0.00712382
7.1105    0.0071314
7.1115    0.00713898
7.1125    0.00714657
7.1135    0.00715416
7.1145    0.00716175
7.1155    0.00716934
7.1165    0.00717694
7.1175    0.00718454
7.1185    0.00719215
7.1195    0.00719976
7.1205    0.00720737
7.1215    0.00721498
7.1225    0.0072226
7.1235    0.00723022
7.1245    0.00723784
7.1255    0.00724547
7.1265    0.0072531
7.1275    0.00726073
7.1285    0.00726837
7.1295    0.00727601
7.1305    0.00728365
7.1315    0.0072913
7.1325    0.00729895
7.1335    0.0073066
7.1345    0.00731426
7.1355    0.00732192
7.1365    0.00732958
7.1375    0.00733725
7.1385    0.00734492
7.1395    0.00735259
7.1405    0.00736026
7.1415    0.00736794
7.1425    0.00737563
7.1435    0.00738331
7.1445    0.007391
7.1455    0.00739869
7.1465    0.00740639
7.1475    0.00741408
7.1485    0.00742178
7.1495    0.00742949
7.1505    0.0074372
7.1515    0.00744491
7.1525    0.00745262
7.1535    0.00746034
7.1545    0.00746806
7.1555    0.00747578
7.1565    0.00748351
7.1575    0.00749124
7.1585    0.00749897
7.1595    0.00750671
7.1605    0.00751445
7.1615    0.00752219
7.1625    0.00752994
7.1635    0.00753769
7.1645    0.00754544
7.1655    0.0075532
7.1665    0.00756096
7.1675    0.00756872
7.1685    0.00757648
7.1695    0.00758425
7.1705    0.00759202
7.1715    0.0075998
7.1725    0.00760758
7.1735    0.00761536
7.1745    0.00762314
7.1755    0.00763093
7.1765    0.00763872
7.1775    0.00764652
7.1785    0.00765432
7.1795    0.00766212
7.1805    0.00766992
7.1815    0.00767773
7.1825    0.00768554
7.1835    0.00769335
7.1845    0.00770117
7.1855    0.00770899
7.1865    0.00771681
7.1875    0.00772464
7.1885    0.00773247
7.1895    0.0077403
7.1905    0.00774814
7.1915    0.00775597
7.1925    0.00776382
7.1935    0.00777166
7.1945    0.00777951
7.1955    0.00778736
7.1965    0.00779522
7.1975    0.00780308
7.1985    0.00781094
7.1995    0.0078188
7.2005    0.00782667
7.2015    0.00783454
7.2025    0.00784242
7.2035    0.0078503
7.2045    0.00785818
7.2055    0.00786606
7.2065    0.00787395
7.2075    0.00788184
7.2085    0.00788973
7.2095    0.00789763
7.2105    0.00790553
7.2115    0.00791343
7.2125    0.00792134
7.2135    0.00792925
7.2145    0.00793716
7.2155    0.00794508
7.2165    0.007953
7.2175    0.00796092
7.2185    0.00796884
7.2195    0.00797677
7.2205    0.0079847
7.2215    0.00799264
7.2225    0.00800058
7.2235    0.00800852
7.2245    0.00801646
7.2255    0.00802441
7.2265    0.00803236
7.2275    0.00804032
7.2285    0.00804828
7.2295    0.00805624
7.2305    0.0080642
7.2315    0.00807217
7.2325    0.00808014
7.2335    0.00808811
7.2345    0.00809609
7.2355    0.00810407
7.2365    0.00811205
7.2375    0.00812004
7.2385    0.00812803
7.2395    0.00813602
7.2405    0.00814402
7.2415    0.00815202
7.2425    0.00816002
7.2435    0.00816802
7.2445    0.00817603
7.2455    0.00818404
7.2465    0.00819206
7.2475    0.00820008
7.2485    0.0082081
7.2495    0.00821612
7.2505    0.00822415
7.2515    0.00823218
7.2525    0.00824022
7.2535    0.00824826
7.2545    0.0082563
7.2555    0.00826434
7.2565    0.00827239
7.2575    0.00828044
7.2585    0.00828849
7.2595    0.00829655
7.2605    0.00830461
7.2615    0.00831267
7.2625    0.00832074
7.2635    0.00832881
7.2645    0.00833688
7.2655    0.00834496
7.2665    0.00835304
7.2675    0.00836112
7.2685    0.00836921
7.2695    0.00837729
7.2705    0.00838539
7.2715    0.00839348
7.2725    0.00840158
7.2735    0.00840968
7.2745    0.00841779
7.2755    0.00842589
7.2765    0.00843401
7.2775    0.00844212
7.2785    0.00845024
7.2795    0.00845836
7.2805    0.00846648
7.2815    0.00847461
7.2825    0.00848274
7.2835    0.00849088
7.2845    0.00849901
7.2855    0.00850715
7.2865    0.0085153
7.2875    0.00852344
7.2885    0.00853159
7.2895    0.00853975
7.2905    0.0085479
7.2915    0.00855606
7.2925    0.00856422
7.2935    0.00857239
7.2945    0.00858056
7.2955    0.00858873
7.2965    0.00859691
7.2975    0.00860509
7.2985    0.00861327
7.2995    0.00862145
7.3005    0.00862964
7.3015    0.00863783
7.3025    0.00864603
7.3035    0.00865423
7.3045    0.00866243
7.3055    0.00867063
7.3065    0.00867884
7.3075    0.00868705
7.3085    0.00869527
7.3095    0.00870348
7.3105    0.0087117
7.3115    0.00871993
7.3125    0.00872816
7.3135    0.00873639
7.3145    0.00874462
7.3155    0.00875286
7.3165    0.0087611
7.3175    0.00876934
7.3185    0.00877759
7.3195    0.00878584
7.3205    0.00879409
7.3215    0.00880235
7.3225    0.0088106
7.3235    0.00881887
7.3245    0.00882713
7.3255    0.0088354
7.3265    0.00884367
7.3275    0.00885195
7.3285    0.00886023
7.3295    0.00886851
7.3305    0.0088768
7.3315    0.00888509
7.3325    0.00889338
7.3335    0.00890167
7.3345    0.00890997
7.3355    0.00891827
7.3365    0.00892658
7.3375    0.00893488
7.3385    0.0089432
7.3395    0.00895151
7.3405    0.00895983
7.3415    0.00896815
7.3425    0.00897647
7.3435    0.0089848
7.3445    0.00899313
7.3455    0.00900147
7.3465    0.0090098
7.3475    0.00901814
7.3485    0.00902649
7.3495    0.00903483
7.3505    0.00904318
7.3515    0.00905154
7.3525    0.00905989
7.3535    0.00906825
7.3545    0.00907662
7.3555    0.00908498
7.3565    0.00909335
7.3575    0.00910173
7.3585    0.0091101
7.3595    0.00911848
7.3605    0.00912686
7.3615    0.00913525
7.3625    0.00914364
7.3635    0.00915203
7.3645    0.00916043
7.3655    0.00916883
7.3665    0.00917723
7.3675    0.00918563
7.3685    0.00919404
7.3695    0.00920246
7.3705    0.00921087
7.3715    0.00921929
7.3725    0.00922771
7.3735    0.00923614
7.3745    0.00924457
7.3755    0.009253
7.3765    0.00926143
7.3775    0.00926987
7.3785    0.00927831
7.3795    0.00928676
7.3805    0.0092952
7.3815    0.00930366
7.3825    0.00931211
7.3835    0.00932057
7.3845    0.00932903
7.3855    0.00933749
7.3865    0.00934596
7.3875    0.00935443
7.3885    0.00936291
7.3895    0.00937139
7.3905    0.00937987
7.3915    0.00938835
7.3925    0.00939684
7.3935    0.00940533
7.3945    0.00941382
7.3955    0.00942232
7.3965    0.00943082
7.3975    0.00943932
7.3985    0.00944783
7.3995    0.00945634
7.4005    0.00946486
7.4015    0.00947337
7.4025    0.00948189
7.4035    0.00949042
7.4045    0.00949894
7.4055    0.00950748
7.4065    0.00951601
7.4075    0.00952455
7.4085    0.00953309
7.4095    0.00954163
7.4105    0.00955018
7.4115    0.00955873
7.4125    0.00956728
7.4135    0.00957584
7.4145    0.0095844
7.4155    0.00959296
7.4165    0.00960153
7.4175    0.0096101
7.4185    0.00961867
7.4195    0.00962725
7.4205    0.00963583
7.4215    0.00964441
7.4225    0.009653
7.4235    0.00966159
7.4245    0.00967018
7.4255    0.00967878
7.4265    0.00968738
7.4275    0.00969598
7.4285    0.00970459
7.4295    0.0097132
7.4305    0.00972181
7.4315    0.00973043
7.4325    0.00973905
7.4335    0.00974767
7.4345    0.0097563
7.4355    0.00976493
7.4365    0.00977356
7.4375    0.0097822
7.4385    0.00979084
7.4395    0.00979948
7.4405    0.00980813
7.4415    0.00981678
7.4425    0.00982543
7.4435    0.00983409
7.4445    0.00984275
7.4455    0.00985141
7.4465    0.00986008
7.4475    0.00986875
7.4485    0.00987743
7.4495    0.0098861
7.4505    0.00989478
7.4515    0.00990347
7.4525    0.00991215
7.4535    0.00992084
7.4545    0.00992954
7.4555    0.00993824
7.4565    0.00994694
7.4575    0.00995564
7.4585    0.00996435
7.4595    0.00997306
7.4605    0.00998177
7.4615    0.00999049
7.4625    0.00999921
7.4635    0.0100079
7.4645    0.0100167
7.4655    0.0100254
7.4665    0.0100341
7.4675    0.0100429
7.4685    0.0100516
7.4695    0.0100604
7.4705    0.0100691
7.4715    0.0100779
7.4725    0.0100866
7.4735    0.0100954
7.4745    0.0101041
7.4755    0.0101129
7.4765    0.0101217
7.4775    0.0101304
7.4785    0.0101392
7.4795    0.010148
7.4805    0.0101568
7.4815    0.0101656
7.4825    0.0101743
7.4835    0.0101831
7.4845    0.0101919
7.4855    0.0102007
7.4865    0.0102095
7.4875    0.0102183
7.4885    0.0102271
7.4895    0.010236
7.4905    0.0102448
7.4915    0.0102536
7.4925    0.0102624
7.4935    0.0102712
7.4945    0.0102801
7.4955    0.0102889
7.4965    0.0102977
7.4975    0.0103066
7.4985    0.0103154
7.4995    0.0103243
7.5005    0.0103331
7.5015    0.010342
7.5025    0.0103508
7.5035    0.0103597
7.5045    0.0103686
7.5055    0.0103774
7.5065    0.0103863
7.5075    0.0103952
7.5085    0.0104041
7.5095    0.0104129
7.5105    0.0104218
7.5115    0.0104307
7.5125    0.0104396
7.5135    0.0104485
7.5145    0.0104574
7.5155    0.0104663
7.5165    0.0104752
7.5175    0.0104841
7.5185    0.010493
7.5195    0.0105019
7.5205    0.0105109
7.5215    0.0105198
7.5225    0.0105287
7.5235    0.0105376
7.5245    0.0105466
7.5255    0.0105555
7.5265    0.0105645
7.5275    0.0105734
7.5285    0.0105823
7.5295    0.0105913
7.5305    0.0106003
7.5315    0.0106092
7.5325    0.0106182
7.5335    0.0106271
7.5345    0.0106361
7.5355    0.0106451
7.5365    0.0106541
7.5375    0.010663
7.5385    0.010672
7.5395    0.010681
7.5405    0.01069
7.5415    0.010699
7.5425    0.010708
7.5435    0.010717
7.5445    0.010726
7.5455    0.010735
7.5465    0.010744
7.5475    0.010753
7.5485    0.010762
7.5495    0.0107711
7.5505    0.0107801
7.5515    0.0107891
7.5525    0.0107981
7.5535    0.0108072
7.5545    0.0108162
7.5555    0.0108253
7.5565    0.0108343
7.5575    0.0108434
7.5585    0.0108524
7.5595    0.0108615
7.5605    0.0108705
7.5615    0.0108796
7.5625    0.0108887
7.5635    0.0108977
7.5645    0.0109068
7.5655    0.0109159
7.5665    0.010925
7.5675    0.0109341
7.5685    0.0109431
7.5695    0.0109522
7.5705    0.0109613
7.5715    0.0109704
7.5725    0.0109795
7.5735    0.0109886
7.5745    0.0109978
7.5755    0.0110069
7.5765    0.011016
7.5775    0.0110251
7.5785    0.0110342
7.5795    0.0110434
7.5805    0.0110525
7.5815    0.0110616
7.5825    0.0110708
7.5835    0.0110799
7.5845    0.0110891
7.5855    0.0110982
7.5865    0.0111074
7.5875    0.0111165
7.5885    0.0111257
7.5895    0.0111349
7.5905    0.011144
7.5915    0.0111532
7.5925    0.0111624
7.5935    0.0111715
7.5945    0.0111807
7.5955    0.0111899
7.5965    0.0111991
7.5975    0.0112083
7.5985    0.0112175
7.5995    0.0112267
7.6005    0.0112359
7.6015    0.0112451
7.6025    0.0112543
7.6035    0.0112635
7.6045    0.0112728
7.6055    0.011282
7.6065    0.0112912
7.6075    0.0113004
7.6085    0.0113097
7.6095    0.0113189
7.6105    0.0113282
7.6115    0.0113374
7.6125    0.0113467
7.6135    0.0113559
7.6145    0.0113652
7.6155    0.0113744
7.6165    0.0113837
7.6175    0.011393
7.6185    0.0114022
7.6195    0.0114115
7.6205    0.0114208
7.6215    0.0114301
7.6225    0.0114394
7.6235    0.0114486
7.6245    0.0114579
7.6255    0.0114672
7.6265    0.0114765
7.6275    0.0114858
7.6285    0.0114951
7.6295    0.0115045
7.6305    0.0115138
7.6315    0.0115231
7.6325    0.0115324
7.6335    0.0115417
7.6345    0.0115511
7.6355    0.0115604
7.6365    0.0115697
7.6375    0.0115791
7.6385    0.0115884
7.6395    0.0115978
7.6405    0.0116071
7.6415    0.0116165
7.6425    0.0116259
7.6435    0.0116352
7.6445    0.0116446
7.6455    0.011654
7.6465    0.0116633
7.6475    0.0116727
7.6485    0.0116821
7.6495    0.0116915
7.6505    0.0117009
7.6515    0.0117103
7.6525    0.0117197
7.6535    0.0117291
7.6545    0.0117385
7.6555    0.0117479
7.6565    0.0117573
7.6575    0.0117667
7.6585    0.0117761
7.6595    0.0117856
7.6605    0.011795
7.6615    0.0118044
7.6625    0.0118139
7.6635    0.0118233
7.6645    0.0118328
7.6655    0.0118422
7.6665    0.0118517
7.6675    0.0118611
7.6685    0.0118712
7.6695    0.0118806
7.6705    0.0118901
7.6715    0.0118996
7.6725    0.0119091
7.6735    0.0119185
7.6745    0.011928
7.6755    0.0119375
7.6765    0.011947
7.6775    0.0119565
7.6785    0.011966
7.6795    0.0119755
7.6805    0.011985
7.6815    0.0119945
7.6825    0.012004
7.6835    0.0120135
7.6845    0.0120231
7.6855    0.0120326
7.6865    0.0120421
7.6875    0.0120516
7.6885    0.0120612
7.6895    0.0120707
7.6905    0.0120803
7.6915    0.0120898
7.6925    0.0120994
7.6935    0.0121089
7.6945    0.0121185
7.6955    0.0121281
7.6965    0.0121376
7.6975    0.0121472
7.6985    0.0121568
7.6995    0.0121663
