3.7005    0
3.7015    0
3.7025    0
3.7035    0
3.7045    0
3.7055    0
3.7065    0
3.7075    0
3.7085    0
3.7095    0
3.7105    0
3.7115    0
3.7125    0
3.7135    0
3.7145    0
3.7155    0
3.7165    0
3.7175    0
3.7185    0
3.7195    0
3.7205    0
3.7215    0
3.7225    0
3.7235    0
3.7245    0
3.7255    0
3.7265    0
3.7275    0
3.7285    0
3.7295    0
3.7305    0
3.7315    0
3.7325    0
3.7335    0
3.7345    0
3.7355    0
3.7365    0
3.7375    0
3.7385    0
3.7395    0
3.7405    0
3.7415    0
3.7425    0
3.7435    0
3.7445    0
3.7455    0
3.7465    0
3.7475    0
3.7485    0
3.7495    0
3.7505    0
3.7515    0
3.7525    0
3.7535    0
3.7545    0
3.7555    0
3.7565    0
3.7575    0
3.7585    0
3.7595    0
3.7605    0
3.7615    0
3.7625    0
3.7635    0
3.7645    0
3.7655    0
3.7665    0
3.7675    0
3.7685    0
3.7695    0
3.7705    0
3.7715    0
3.7725    0
3.7735    0
3.7745    0
3.7755    0
3.7765    0
3.7775    0
3.7785    0
3.7795    0
3.7805    0
3.7815    0
3.7825    0
3.7835    0
3.7845    0
3.7855    0
3.7865    0
3.7875    0
3.7885    0
3.7895    0
3.7905    0
3.7915    0
3.7925    0
3.7935    0
3.7945    0
3.7955    0
3.7965    0
3.7975    0
3.7985    0
3.7995    0
3.8005    0
3.8015    0
3.8025    0
3.8035    0
3.8045    0
3.8055    0
3.8065    0
3.8075    0
3.8085    0
3.8095    0
3.8105    0
3.8115    0
3.8125    0
3.8135    0
3.8145    0
3.8155    0
3.8165    0
3.8175    0
3.8185    0
3.8195    0
3.8205    0
3.8215    0
3.8225    0
3.8235    0
3.8245    0
3.8255    0
3.8265    0
3.8275    0
3.8285    0
3.8295    0
3.8305    0
3.8315    0
3.8325    0
3.8335    0
3.8345    0
3.8355    0
3.8365    0
3.8375    0
3.8385    0
3.8395    0
3.8405    0
3.8415    0
3.8425    0
3.8435    0
3.8445    0
3.8455    0
3.8465    0
3.8475    0
3.8485    0
3.8495    0
3.8505    0
3.8515    0
3.8525    0
3.8535    0
3.8545    0
3.8555    0
3.8565    0
3.8575    0
3.8585    0
3.8595    0
3.8605    0
3.8615    0
3.8625    0
3.8635    0
3.8645    0
3.8655    0
3.8665    0
3.8675    0
3.8685    0
3.8695    0
3.8705    0
3.8715    0
3.8725    0
3.8735    0
3.8745    0
3.8755    0
3.8765    0
3.8775    0
3.8785    0
3.8795    0
3.8805    0
3.8815    0
3.8825    0
3.8835    0
3.8845    0
3.8855    0
3.8865    0
3.8875    0
3.8885    0
3.8895    0
3.8905    0
3.8915    0
3.8925    0
3.8935    0
3.8945    0
3.8955    0
3.8965    0
3.8975    0
3.8985    0
3.8995    0
3.9005    0
3.9015    0
3.9025    0
3.9035    0
3.9045    0
3.9055    0
3.9065    0
3.9075    0
3.9085    0
3.9095    0
3.9105    0
3.9115    0
3.9125    0
3.9135    0
3.9145    0
3.9155    0
3.9165    0
3.9175    0
3.9185    0
3.9195    0
3.9205    0
3.9215    0
3.9225    0
3.9235    0
3.9245    0
3.9255    0
3.9265    0
3.9275    0
3.9285    0
3.9295    0
3.9305    0
3.9315    0
3.9325    0
3.9335    0
3.9345    0
3.9355    0
3.9365    0
3.9375    0
3.9385    0
3.9395    0
3.9405    0
3.9415    0
3.9425    0
3.9435    0
3.9445    0
3.9455    0
3.9465    0
3.9475    0
3.9485    0
3.9495    0
3.9505    0
3.9515    0
3.9525    0
3.9535    0
3.9545    0
3.9555    0
3.9565    0
3.9575    0
3.9585    0
3.9595    0
3.9605    0
3.9615    0
3.9625    0
3.9635    0
3.9645    0
3.9655    0
3.9665    0
3.9675    0
3.9685    0
3.9695    0
3.9705    0
3.9715    0
3.9725    0
3.9735    0
3.9745    0
3.9755    0
3.9765    0
3.9775    0
3.9785    0
3.9795    0
3.9805    0
3.9815    0
3.9825    0
3.9835    0
3.9845    0
3.9855    0
3.9865    0
3.9875    0
3.9885    0
3.9895    0
3.9905    0
3.9915    0
3.9925    0
3.9935    0
3.9945    0
3.9955    0
3.9965    0
3.9975    0
3.9985    0
3.9995    0
4.0005    0
4.0015    0
4.0025    0
4.0035    0
4.0045    0
4.0055    0
4.0065    0
4.0075    0
4.0085    0
4.0095    0
4.0105    0
4.0115    0
4.0125    0
4.0135    0
4.0145    0
4.0155    0
4.0165    0
4.0175    0
4.0185    0
4.0195    0
4.0205    0
4.0215    0
4.0225    0
4.0235    0
4.0245    0
4.0255    0
4.0265    0
4.0275    0
4.0285    0
4.0295    0
4.0305    0
4.0315    0
4.0325    0
4.0335    0
4.0345    0
4.0355    0
4.0365    0
4.0375    0
4.0385    0
4.0395    0
4.0405    0
4.0415    0
4.0425    0
4.0435    0
4.0445    0
4.0455    0
4.0465    0
4.0475    0
4.0485    0
4.0495    0
4.0505    0
4.0515    0
4.0525    0
4.0535    0
4.0545    0
4.0555    0
4.0565    0
4.0575    0
4.0585    0
4.0595    0
4.0605    0
4.0615    0
4.0625    0
4.0635    0
4.0645    0
4.0655    0
4.0665    0
4.0675    0
4.0685    0
4.0695    0
4.0705    0
4.0715    0
4.0725    0
4.0735    0
4.0745    0
4.0755    0
4.0765    0
4.0775    0
4.0785    0
4.0795    0
4.0805    0
4.0815    0
4.0825    0
4.0835    0
4.0845    0
4.0855    0
4.0865    0
4.0875    0
4.0885    0
4.0895    0
4.0905    0
4.0915    0
4.0925    0
4.0935    0
4.0945    0
4.0955    0
4.0965    0
4.0975    0
4.0985    0
4.0995    0
4.1005    0
4.1015    0
4.1025    0
4.1035    0
4.1045    0
4.1055    0
4.1065    0
4.1075    0
4.1085    0
4.1095    0
4.1105    0
4.1115    0
4.1125    0
4.1135    0
4.1145    0
4.1155    0
4.1165    0
4.1175    0
4.1185    0
4.1195    0
4.1205    0
4.1215    0
4.1225    0
4.1235    0
4.1245    0
4.1255    0
4.1265    0
4.1275    0
4.1285    0
4.1295    0
4.1305    0
4.1315    0
4.1325    0
4.1335    0
4.1345    0
4.1355    0
4.1365    0
4.1375    0
4.1385    0
4.1395    0
4.1405    0
4.1415    0
4.1425    0
4.1435    0
4.1445    0
4.1455    0
4.1465    0
4.1475    0
4.1485    0
4.1495    0
4.1505    0
4.1515    0
4.1525    0
4.1535    0
4.1545    0
4.1555    0
4.1565    0
4.1575    0
4.1585    0
4.1595    0
4.1605    0
4.1615    0
4.1625    0
4.1635    0
4.1645    0
4.1655    0
4.1665    0
4.1675    0
4.1685    0
4.1695    0
4.1705    0
4.1715    0
4.1725    0
4.1735    0
4.1745    0
4.1755    0
4.1765    0
4.1775    0
4.1785    0
4.1795    0
4.1805    0
4.1815    0
4.1825    0
4.1835    0
4.1845    0
4.1855    0
4.1865    0
4.1875    0
4.1885    0
4.1895    0
4.1905    0
4.1915    0
4.1925    0
4.1935    0
4.1945    0
4.1955    0
4.1965    0
4.1975    0
4.1985    0
4.1995    0
4.2005    0
4.2015    0
4.2025    0
4.2035    0
4.2045    0
4.2055    0
4.2065    0
4.2075    0
4.2085    0
4.2095    0
4.2105    0
4.2115    0
4.2125    0
4.2135    0
4.2145    0
4.2155    0
4.2165    0
4.2175    0
4.2185    0
4.2195    0
4.2205    0
4.2215    0
4.2225    0
4.2235    0
4.2245    0
4.2255    0
4.2265    0
4.2275    0
4.2285    0
4.2295    0
4.2305    0
4.2315    0
4.2325    0
4.2335    0
4.2345    0
4.2355    0
4.2365    0
4.2375    0
4.2385    0
4.2395    0
4.2405    0
4.2415    0
4.2425    0
4.2435    0
4.2445    0
4.2455    0
4.2465    0
4.2475    0
4.2485    0
4.2495    0
4.2505    0
4.2515    0
4.2525    0
4.2535    0
4.2545    0
4.2555    0
4.2565    0
4.2575    0
4.2585    0
4.2595    0
4.2605    0
4.2615    0
4.2625    0
4.2635    0
4.2645    0
4.2655    0
4.2665    0
4.2675    0
4.2685    0
4.2695    0
4.2705    0
4.2715    0
4.2725    0
4.2735    0
4.2745    0
4.2755    0
4.2765    0
4.2775    0
4.2785    0
4.2795    0
4.2805    0
4.2815    0
4.2825    0
4.2835    0
4.2845    0
4.2855    0
4.2865    0
4.2875    0
4.2885    0
4.2895    0
4.2905    0
4.2915    0
4.2925    0
4.2935    0
4.2945    0
4.2955    0
4.2965    0
4.2975    0
4.2985    0
4.2995    0
4.3005    0
4.3015    0
4.3025    0
4.3035    0
4.3045    0
4.3055    0
4.3065    0
4.3075    0
4.3085    0
4.3095    0
4.3105    0
4.3115    0
4.3125    0
4.3135    0
4.3145    0
4.3155    0
4.3165    0
4.3175    0
4.3185    0
4.3195    0
4.3205    0
4.3215    0
4.3225    0
4.3235    0
4.3245    0
4.3255    0
4.3265    0
4.3275    0
4.3285    0
4.3295    0
4.3305    0
4.3315    0
4.3325    0
4.3335    0
4.3345    0
4.3355    0
4.3365    0
4.3375    0
4.3385    0
4.3395    0
4.3405    0
4.3415    0
4.3425    0
4.3435    0
4.3445    0
4.3455    0
4.3465    0
4.3475    0
4.3485    0
4.3495    0
4.3505    0
4.3515    0
4.3525    0
4.3535    0
4.3545    0
4.3555    0
4.3565    0
4.3575    0
4.3585    0
4.3595    0
4.3605    0
4.3615    0
4.3625    0
4.3635    0
4.3645    0
4.3655    0
4.3665    0
4.3675    0
4.3685    0
4.3695    0
4.3705    0
4.3715    0
4.3725    0
4.3735    0
4.3745    0
4.3755    0
4.3765    0
4.3775    0
4.3785    0
4.3795    0
4.3805    0
4.3815    0
4.3825    0
4.3835    0
4.3845    0
4.3855    0
4.3865    0
4.3875    0
4.3885    0
4.3895    0
4.3905    0
4.3915    0
4.3925    0
4.3935    0
4.3945    0
4.3955    0
4.3965    0
4.3975    0
4.3985    0
4.3995    0
4.4005    0
4.4015    0
4.4025    0
4.4035    0
4.4045    0
4.4055    0
4.4065    0
4.4075    0
4.4085    0
4.4095    0
4.4105    0
4.4115    0
4.4125    0
4.4135    0
4.4145    0
4.4155    0
4.4165    0
4.4175    0
4.4185    0
4.4195    0
4.4205    0
4.4215    0
4.4225    0
4.4235    0
4.4245    0
4.4255    0
4.4265    0
4.4275    0
4.4285    0
4.4295    0
4.4305    0
4.4315    0
4.4325    0
4.4335    0
4.4345    0
4.4355    0
4.4365    0
4.4375    0
4.4385    0
4.4395    0
4.4405    0
4.4415    0
4.4425    0
4.4435    0
4.4445    0
4.4455    0
4.4465    0
4.4475    0
4.4485    0
4.4495    0
4.4505    0
4.4515    0
4.4525    0
4.4535    0
4.4545    0
4.4555    0
4.4565    0
4.4575    0
4.4585    0
4.4595    0
4.4605    0
4.4615    0
4.4625    0
4.4635    0
4.4645    0
4.4655    0
4.4665    0
4.4675    0
4.4685    0
4.4695    0
4.4705    0
4.4715    0
4.4725    0
4.4735    0
4.4745    0
4.4755    0
4.4765    0
4.4775    0
4.4785    0
4.4795    0
4.4805    0
4.4815    0
4.4825    0
4.4835    0
4.4845    0
4.4855    0
4.4865    0
4.4875    0
4.4885    0
4.4895    0
4.4905    0
4.4915    0
4.4925    0
4.4935    0
4.4945    0
4.4955    0
4.4965    0
4.4975    0
4.4985    0
4.4995    0
4.5005    0
4.5015    0
4.5025    0
4.5035    0
4.5045    0
4.5055    0
4.5065    0
4.5075    0
4.5085    0
4.5095    0
4.5105    0
4.5115    0
4.5125    0
4.5135    0
4.5145    0
4.5155    0
4.5165    0
4.5175    0
4.5185    0
4.5195    0
4.5205    0
4.5215    0
4.5225    0
4.5235    0
4.5245    0
4.5255    0
4.5265    0
4.5275    0
4.5285    0
4.5295    0
4.5305    0
4.5315    0
4.5325    0
4.5335    0
4.5345    0
4.5355    0
4.5365    0
4.5375    0
4.5385    0
4.5395    0
4.5405    0
4.5415    0
4.5425    0
4.5435    0
4.5445    0
4.5455    0
4.5465    0
4.5475    0
4.5485    0
4.5495    0
4.5505    0
4.5515    0
4.5525    0
4.5535    0
4.5545    0
4.5555    0
4.5565    0
4.5575    0
4.5585    0
4.5595    0
4.5605    0
4.5615    0
4.5625    0
4.5635    0
4.5645    0
4.5655    0
4.5665    0
4.5675    0
4.5685    0
4.5695    0
4.5705    0
4.5715    0
4.5725    0
4.5735    0
4.5745    0
4.5755    0
4.5765    0
4.5775    0
4.5785    0
4.5795    0
4.5805    0
4.5815    0
4.5825    0
4.5835    0
4.5845    0
4.5855    0
4.5865    0
4.5875    0
4.5885    0
4.5895    0
4.5905    0
4.5915    0
4.5925    0
4.5935    0
4.5945    0
4.5955    0
4.5965    0
4.5975    0
4.5985    0
4.5995    0
4.6005    0
4.6015    0
4.6025    0
4.6035    0
4.6045    0
4.6055    0
4.6065    0
4.6075    0
4.6085    0
4.6095    0
4.6105    0
4.6115    0
4.6125    0
4.6135    0
4.6145    0
4.6155    0
4.6165    0
4.6175    0
4.6185    0
4.6195    0
4.6205    0
4.6215    0
4.6225    0
4.6235    0
4.6245    0
4.6255    0
4.6265    0
4.6275    0
4.6285    0
4.6295    0
4.6305    0
4.6315    0
4.6325    0
4.6335    0
4.6345    0
4.6355    0
4.6365    0
4.6375    0
4.6385    0
4.6395    0
4.6405    0
4.6415    0
4.6425    0
4.6435    0
4.6445    0
4.6455    0
4.6465    0
4.6475    0
4.6485    0
4.6495    0
4.6505    0
4.6515    0
4.6525    0
4.6535    0
4.6545    0
4.6555    0
4.6565    0
4.6575    0
4.6585    0
4.6595    0
4.6605    0
4.6615    0
4.6625    0
4.6635    0
4.6645    0
4.6655    0
4.6665    0
4.6675    0
4.6685    0
4.6695    0
4.6705    0
4.6715    0
4.6725    0
4.6735    0
4.6745    0
4.6755    0
4.6765    0
4.6775    0
4.6785    0
4.6795    0
4.6805    0
4.6815    0
4.6825    0
4.6835    0
4.6845    0
4.6855    0
4.6865    0
4.6875    0
4.6885    0
4.6895    0
4.6905    0
4.6915    0
4.6925    0
4.6935    0
4.6945    0
4.6955    0
4.6965    0
4.6975    0
4.6985    0
4.6995    0
4.7005    0
4.7015    0
4.7025    0
4.7035    0
4.7045    0
4.7055    0
4.7065    0
4.7075    0
4.7085    0
4.7095    0
4.7105    0
4.7115    0
4.7125    0
4.7135    0
4.7145    0
4.7155    0
4.7165    0
4.7175    0
4.7185    0
4.7195    0
4.7205    0
4.7215    0
4.7225    0
4.7235    0
4.7245    0
4.7255    0
4.7265    0
4.7275    0
4.7285    0
4.7295    0
4.7305    0
4.7315    0
4.7325    0
4.7335    0
4.7345    0
4.7355    0
4.7365    0
4.7375    0
4.7385    0
4.7395    0
4.7405    0
4.7415    0
4.7425    0
4.7435    0
4.7445    0
4.7455    0
4.7465    0
4.7475    0
4.7485    0
4.7495    0
4.7505    0
4.7515    0
4.7525    0
4.7535    0
4.7545    0
4.7555    0
4.7565    0
4.7575    0
4.7585    0
4.7595    0
4.7605    0
4.7615    0
4.7625    0
4.7635    0
4.7645    0
4.7655    0
4.7665    0
4.7675    0
4.7685    0
4.7695    0
4.7705    0
4.7715    0
4.7725    0
4.7735    0
4.7745    0
4.7755    0
4.7765    0
4.7775    0
4.7785    0
4.7795    0
4.7805    0
4.7815    0
4.7825    0
4.7835    0
4.7845    0
4.7855    0
4.7865    0
4.7875    0
4.7885    0
4.7895    0
4.7905    0
4.7915    0
4.7925    0
4.7935    0
4.7945    0
4.7955    0
4.7965    0
4.7975    0
4.7985    0
4.7995    0
4.8005    0
4.8015    0
4.8025    0
4.8035    0
4.8045    0
4.8055    0
4.8065    0
4.8075    0
4.8085    0
4.8095    0
4.8105    0
4.8115    0
4.8125    0
4.8135    0
4.8145    0
4.8155    0
4.8165    0
4.8175    0
4.8185    0
4.8195    0
4.8205    0
4.8215    0
4.8225    0
4.8235    0
4.8245    0
4.8255    0
4.8265    0
4.8275    0
4.8285    0
4.8295    0
4.8305    0
4.8315    0
4.8325    4.39087e-27
4.8335    6.95675e-24
4.8345    2.87905e-22
4.8355    3.52274e-21
4.8365    2.32311e-20
4.8375    1.05312e-19
4.8385    3.7114e-19
4.8395    1.09157e-18
4.8405    2.80154e-18
4.8415    6.46516e-18
4.8425    1.37015e-17
4.8435    2.70832e-17
4.8445    5.0522e-17
4.8455    8.9756e-17
4.8465    1.52953e-16
4.8475    2.51447e-16
4.8485    4.00616e-16
4.8495    6.2092e-16
4.8505    9.3911e-16
4.8515    1.38962e-15
4.8525    2.01617e-15
4.8535    2.87355e-15
4.8545    4.02968e-15
4.8555    5.56785e-15
4.8565    7.5893e-15
4.8575    1.02159e-14
4.8585    1.35933e-14
4.8595    1.78942e-14
4.8605    2.33219e-14
4.8615    3.01143e-14
4.8625    3.85482e-14
4.8635    4.89434e-14
4.8645    6.16679e-14
4.8655    7.7143e-14
4.8665    9.58487e-14
4.8675    1.18329e-13
4.8685    1.45199e-13
4.8695    1.77151e-13
4.8705    2.1496e-13
4.8715    2.59491e-13
4.8725    3.1171e-13
4.8735    3.72685e-13
4.8745    4.43601e-13
4.8755    5.25764e-13
4.8765    6.20609e-13
4.8775    7.29713e-13
4.8785    8.548e-13
4.8795    9.97753e-13
4.8805    1.16062e-12
4.8815    1.34564e-12
4.8825    1.55522e-12
4.8835    1.79198e-12
4.8845    2.05875e-12
4.8855    2.35858e-12
4.8865    2.69474e-12
4.8875    3.07075e-12
4.8885    3.49041e-12
4.8895    3.95775e-12
4.8905    4.4771e-12
4.8915    5.05309e-12
4.8925    5.69063e-12
4.8935    6.39497e-12
4.8945    7.17169e-12
4.8955    8.02669e-12
4.8965    8.96625e-12
4.8975    9.99702e-12
4.8985    1.1126e-11
4.8995    1.23607e-11
4.9005    1.37088e-11
4.9015    1.51788e-11
4.9025    1.67791e-11
4.9035    1.85191e-11
4.9045    2.04084e-11
4.9055    2.24569e-11
4.9065    2.46754e-11
4.9075    2.7075e-11
4.9085    2.96672e-11
4.9095    3.24642e-11
4.9105    3.54789e-11
4.9115    3.87244e-11
4.9125    4.22146e-11
4.9135    4.59641e-11
4.9145    4.99878e-11
4.9155    5.43015e-11
4.9165    5.89216e-11
4.9175    6.3865e-11
4.9185    6.91494e-11
4.9195    7.47932e-11
4.9205    8.08153e-11
4.9215    8.72357e-11
4.9225    9.40746e-11
4.9235    1.01353e-10
4.9245    1.09094e-10
4.9255    1.17319e-10
4.9265    1.26053e-10
4.9275    1.35318e-10
4.9285    1.45142e-10
4.9295    1.55548e-10
4.9305    1.66565e-10
4.9315    1.7822e-10
4.9325    1.90541e-10
4.9335    2.03558e-10
4.9345    2.17301e-10
4.9355    2.31801e-10
4.9365    2.47091e-10
4.9375    2.63202e-10
4.9385    2.8017e-10
4.9395    2.98029e-10
4.9405    3.16814e-10
4.9415    3.36564e-10
4.9425    3.57314e-10
4.9435    3.79106e-10
4.9445    4.01977e-10
4.9455    4.25969e-10
4.9465    4.51125e-10
4.9475    4.77486e-10
4.9485    5.05097e-10
4.9495    5.34003e-10
4.9505    5.6425e-10
4.9515    5.95885e-10
4.9525    6.28957e-10
4.9535    6.63515e-10
4.9545    6.99609e-10
4.9555    7.37292e-10
4.9565    7.76616e-10
4.9575    8.17635e-10
4.9585    8.60404e-10
4.9595    9.0498e-10
4.9605    9.5142e-10
4.9615    9.99783e-10
4.9625    1.05013e-09
4.9635    1.10252e-09
4.9645    1.15701e-09
4.9655    1.21368e-09
4.9665    1.27258e-09
4.9675    1.33378e-09
4.9685    1.39735e-09
4.9695    1.46335e-09
4.9705    1.53186e-09
4.9715    1.60295e-09
4.9725    1.67669e-09
4.9735    1.75315e-09
4.9745    1.83241e-09
4.9755    1.91455e-09
4.9765    1.99963e-09
4.9775    2.08775e-09
4.9785    2.17898e-09
4.9795    2.2734e-09
4.9805    2.3711e-09
4.9815    2.47215e-09
4.9825    2.57666e-09
4.9835    2.68469e-09
4.9845    2.79635e-09
4.9855    2.91172e-09
4.9865    3.03089e-09
4.9875    3.15395e-09
4.9885    3.281e-09
4.9895    3.41214e-09
4.9905    3.54745e-09
4.9915    3.68705e-09
4.9925    3.83102e-09
4.9935    3.97947e-09
4.9945    4.1325e-09
4.9955    4.29021e-09
4.9965    4.45271e-09
4.9975    4.62011e-09
4.9985    4.79252e-09
4.9995    4.97004e-09
5.0005    5.15278e-09
5.0015    5.34086e-09
5.0025    5.53439e-09
5.0035    5.73349e-09
5.0045    5.93827e-09
5.0055    6.14885e-09
5.0065    6.36536e-09
5.0075    6.5879e-09
5.0085    6.81661e-09
5.0095    7.05161e-09
5.0105    7.29302e-09
5.0115    7.54098e-09
5.0125    7.7956e-09
5.0135    8.05703e-09
5.0145    8.32539e-09
5.0155    8.60081e-09
5.0165    8.88343e-09
5.0175    9.17339e-09
5.0185    9.47082e-09
5.0195    9.77587e-09
5.0205    1.00887e-08
5.0215    1.04094e-08
5.0225    1.07381e-08
5.0235    1.1075e-08
5.0245    1.14203e-08
5.0255    1.1774e-08
5.0265    1.21363e-08
5.0275    1.25075e-08
5.0285    1.28875e-08
5.0295    1.32767e-08
5.0305    1.36751e-08
5.0315    1.40829e-08
5.0325    1.45002e-08
5.0335    1.49273e-08
5.0345    1.53643e-08
5.0355    1.58113e-08
5.0365    1.62685e-08
5.0375    1.67361e-08
5.0385    1.72142e-08
5.0395    1.77031e-08
5.0405    1.82028e-08
5.0415    1.87136e-08
5.0425    1.92357e-08
5.0435    1.97691e-08
5.0445    2.03141e-08
5.0455    2.08709e-08
5.0465    2.14397e-08
5.0475    2.20205e-08
5.0485    2.26137e-08
5.0495    2.32194e-08
5.0505    2.38378e-08
5.0515    2.4469e-08
5.0525    2.51133e-08
5.0535    2.57709e-08
5.0545    2.64419e-08
5.0555    2.71265e-08
5.0565    2.7825e-08
5.0575    2.85375e-08
5.0585    2.92643e-08
5.0595    3.00055e-08
5.0605    3.07613e-08
5.0615    3.15319e-08
5.0625    3.23177e-08
5.0635    3.31186e-08
5.0645    3.39351e-08
5.0655    3.47672e-08
5.0665    3.56152e-08
5.0675    3.64792e-08
5.0685    3.73596e-08
5.0695    3.82566e-08
5.0705    3.91702e-08
5.0715    4.01009e-08
5.0725    4.10487e-08
5.0735    4.20139e-08
5.0745    4.29968e-08
5.0755    4.39975e-08
5.0765    4.50164e-08
5.0775    4.60535e-08
5.0785    4.71092e-08
5.0795    4.81836e-08
5.0805    4.92771e-08
5.0815    5.03898e-08
5.0825    5.1522e-08
5.0835    5.26739e-08
5.0845    5.38458e-08
5.0855    5.50379e-08
5.0865    5.62504e-08
5.0875    5.74836e-08
5.0885    5.87378e-08
5.0895    6.00131e-08
5.0905    6.13099e-08
5.0915    6.26283e-08
5.0925    6.39687e-08
5.0935    6.53313e-08
5.0945    6.67163e-08
5.0955    6.8124e-08
5.0965    6.95547e-08
5.0975    7.10086e-08
5.0985    7.24859e-08
5.0995    7.3987e-08
5.1005    7.55121e-08
5.1015    7.70615e-08
5.1025    7.86354e-08
5.1035    8.02341e-08
5.1045    8.18579e-08
5.1055    8.35071e-08
5.1065    8.51819e-08
5.1075    8.68825e-08
5.1085    8.86094e-08
5.1095    9.03627e-08
5.1105    9.21427e-08
5.1115    9.39498e-08
5.1125    9.57841e-08
5.1135    9.76461e-08
5.1145    9.95359e-08
5.1155    1.01454e-07
5.1165    1.034e-07
5.1175    1.05375e-07
5.1185    1.0738e-07
5.1195    1.09413e-07
5.1205    1.11476e-07
5.1215    1.13569e-07
5.1225    1.15692e-07
5.1235    1.17846e-07
5.1245    1.20031e-07
5.1255    1.22246e-07
5.1265    1.24493e-07
5.1275    1.26772e-07
5.1285    1.29083e-07
5.1295    1.31426e-07
5.1305    1.33802e-07
5.1315    1.3621e-07
5.1325    1.38652e-07
5.1335    1.41128e-07
5.1345    1.43637e-07
5.1355    1.46181e-07
5.1365    1.48759e-07
5.1375    1.51373e-07
5.1385    1.54021e-07
5.1395    1.56705e-07
5.1405    1.59424e-07
5.1415    1.6218e-07
5.1425    1.64972e-07
5.1435    1.67801e-07
5.1445    1.70667e-07
5.1455    1.73571e-07
5.1465    1.76513e-07
5.1475    1.79492e-07
5.1485    1.8251e-07
5.1495    1.85567e-07
5.1505    1.88663e-07
5.1515    1.91799e-07
5.1525    1.94974e-07
5.1535    1.9819e-07
5.1545    2.01446e-07
5.1555    2.04743e-07
5.1565    2.08081e-07
5.1575    2.11461e-07
5.1585    2.14883e-07
5.1595    2.18347e-07
5.1605    2.21854e-07
5.1615    2.25403e-07
5.1625    2.28996e-07
5.1635    2.32633e-07
5.1645    2.36314e-07
5.1655    2.40039e-07
5.1665    2.43809e-07
5.1675    2.47624e-07
5.1685    2.51485e-07
5.1695    2.55392e-07
5.1705    2.59345e-07
5.1715    2.63344e-07
5.1725    2.6739e-07
5.1735    2.71484e-07
5.1745    2.75626e-07
5.1755    2.79816e-07
5.1765    2.84054e-07
5.1775    2.88341e-07
5.1785    2.92677e-07
5.1795    2.97063e-07
5.1805    3.01499e-07
5.1815    3.05986e-07
5.1825    3.10523e-07
5.1835    3.15112e-07
5.1845    3.19752e-07
5.1855    3.24444e-07
5.1865    3.29188e-07
5.1875    3.33985e-07
5.1885    3.38835e-07
5.1895    3.43739e-07
5.1905    3.48697e-07
5.1915    3.53709e-07
5.1925    3.58775e-07
5.1935    3.63897e-07
5.1945    3.69075e-07
5.1955    3.74308e-07
5.1965    3.79598e-07
5.1975    3.84944e-07
5.1985    3.90348e-07
5.1995    3.95809e-07
5.2005    4.01328e-07
5.2015    4.06906e-07
5.2025    4.12542e-07
5.2035    4.18238e-07
5.2045    4.23993e-07
5.2055    4.29809e-07
5.2065    4.35685e-07
5.2075    4.41621e-07
5.2085    4.47619e-07
5.2095    4.53679e-07
5.2105    4.59801e-07
5.2115    4.65986e-07
5.2125    4.72233e-07
5.2135    4.78544e-07
5.2145    4.84919e-07
5.2155    4.91359e-07
5.2165    4.97863e-07
5.2175    5.04432e-07
5.2185    5.11067e-07
5.2195    5.17767e-07
5.2205    5.24535e-07
5.2215    5.31369e-07
5.2225    5.38271e-07
5.2235    5.4524e-07
5.2245    5.52278e-07
5.2255    5.59385e-07
5.2265    5.6656e-07
5.2275    5.73805e-07
5.2285    5.81121e-07
5.2295    5.88507e-07
5.2305    5.95963e-07
5.2315    6.03491e-07
5.2325    6.11091e-07
5.2335    6.18764e-07
5.2345    6.26509e-07
5.2355    6.34327e-07
5.2365    6.42219e-07
5.2375    6.50185e-07
5.2385    6.58226e-07
5.2395    6.66342e-07
5.2405    6.74533e-07
5.2415    6.82801e-07
5.2425    6.91145e-07
5.2435    6.99566e-07
5.2445    7.08064e-07
5.2455    7.1664e-07
5.2465    7.25295e-07
5.2475    7.34028e-07
5.2485    7.42841e-07
5.2495    7.51733e-07
5.2505    7.60706e-07
5.2515    7.69759e-07
5.2525    7.78894e-07
5.2535    7.8811e-07
5.2545    7.97409e-07
5.2555    8.0679e-07
5.2565    8.16255e-07
5.2575    8.25803e-07
5.2585    8.35435e-07
5.2595    8.45152e-07
5.2605    8.54954e-07
5.2615    8.64841e-07
5.2625    8.74815e-07
5.2635    8.84875e-07
5.2645    8.95022e-07
5.2655    9.05257e-07
5.2665    9.1558e-07
5.2675    9.25992e-07
5.2685    9.36492e-07
5.2695    9.47082e-07
5.2705    9.57763e-07
5.2715    9.68534e-07
5.2725    9.79395e-07
5.2735    9.90349e-07
5.2745    1.00139e-06
5.2755    1.01253e-06
5.2765    1.02376e-06
5.2775    1.03509e-06
5.2785    1.04651e-06
5.2795    1.05802e-06
5.2805    1.06963e-06
5.2815    1.08134e-06
5.2825    1.09314e-06
5.2835    1.10503e-06
5.2845    1.11703e-06
5.2855    1.12912e-06
5.2865    1.14131e-06
5.2875    1.1536e-06
5.2885    1.16599e-06
5.2895    1.17848e-06
5.2905    1.19107e-06
5.2915    1.20376e-06
5.2925    1.21655e-06
5.2935    1.22945e-06
5.2945    1.24244e-06
5.2955    1.25554e-06
5.2965    1.26875e-06
5.2975    1.28205e-06
5.2985    1.29546e-06
5.2995    1.30898e-06
5.3005    1.3226e-06
5.3015    1.33633e-06
5.3025    1.35017e-06
5.3035    1.36411e-06
5.3045    1.37816e-06
5.3055    1.39232e-06
5.3065    1.40659e-06
5.3075    1.42097e-06
5.3085    1.43546e-06
5.3095    1.45005e-06
5.3105    1.46476e-06
5.3115    1.47959e-06
5.3125    1.49452e-06
5.3135    1.50957e-06
5.3145    1.52473e-06
5.3155    1.54e-06
5.3165    1.55539e-06
5.3175    1.57089e-06
5.3185    1.58651e-06
5.3195    1.60225e-06
5.3205    1.6181e-06
5.3215    1.63407e-06
5.3225    1.65016e-06
5.3235    1.66636e-06
5.3245    1.68269e-06
5.3255    1.69913e-06
5.3265    1.71569e-06
5.3275    1.73238e-06
5.3285    1.74919e-06
5.3295    1.76611e-06
5.3305    1.78316e-06
5.3315    1.80034e-06
5.3325    1.81763e-06
5.3335    1.83506e-06
5.3345    1.8526e-06
5.3355    1.87027e-06
5.3365    1.88807e-06
5.3375    1.90599e-06
5.3385    1.92404e-06
5.3395    1.94222e-06
5.3405    1.96053e-06
5.3415    1.97896e-06
5.3425    1.99753e-06
5.3435    2.01622e-06
5.3445    2.03505e-06
5.3455    2.054e-06
5.3465    2.07309e-06
5.3475    2.09231e-06
5.3485    2.11166e-06
5.3495    2.13115e-06
5.3505    2.15077e-06
5.3515    2.17053e-06
5.3525    2.19042e-06
5.3535    2.21044e-06
5.3545    2.23061e-06
5.3555    2.25091e-06
5.3565    2.27134e-06
5.3575    2.29192e-06
5.3585    2.31263e-06
5.3595    2.33349e-06
5.3605    2.35448e-06
5.3615    2.37562e-06
5.3625    2.39689e-06
5.3635    2.41831e-06
5.3645    2.43987e-06
5.3655    2.46157e-06
5.3665    2.48342e-06
5.3675    2.50541e-06
5.3685    2.52755e-06
5.3695    2.54983e-06
5.3705    2.57226e-06
5.3715    2.59483e-06
5.3725    2.61755e-06
5.3735    2.64042e-06
5.3745    2.66344e-06
5.3755    2.68661e-06
5.3765    2.70993e-06
5.3775    2.7334e-06
5.3785    2.75702e-06
5.3795    2.78079e-06
5.3805    2.80471e-06
5.3815    2.82879e-06
5.3825    2.85301e-06
5.3835    2.8774e-06
5.3845    2.90194e-06
5.3855    2.92663e-06
5.3865    2.95148e-06
5.3875    2.97649e-06
5.3885    3.00165e-06
5.3895    3.02697e-06
5.3905    3.05246e-06
5.3915    3.07809e-06
5.3925    3.10389e-06
5.3935    3.12985e-06
5.3945    3.15598e-06
5.3955    3.18226e-06
5.3965    3.2087e-06
5.3975    3.23531e-06
5.3985    3.26209e-06
5.3995    3.28902e-06
5.4005    3.31612e-06
5.4015    3.34339e-06
5.4025    3.37082e-06
5.4035    3.39842e-06
5.4045    3.42619e-06
5.4055    3.45413e-06
5.4065    3.48223e-06
5.4075    3.5105e-06
5.4085    3.53895e-06
5.4095    3.56756e-06
5.4105    3.59635e-06
5.4115    3.62531e-06
5.4125    3.65444e-06
5.4135    3.68374e-06
5.4145    3.71322e-06
5.4155    3.74287e-06
5.4165    3.7727e-06
5.4175    3.8027e-06
5.4185    3.83289e-06
5.4195    3.86324e-06
5.4205    3.89378e-06
5.4215    3.92449e-06
5.4225    3.95539e-06
5.4235    3.98646e-06
5.4245    4.01771e-06
5.4255    4.04915e-06
5.4265    4.08077e-06
5.4275    4.11257e-06
5.4285    4.14455e-06
5.4295    4.17671e-06
5.4305    4.20907e-06
5.4315    4.2416e-06
5.4325    4.27432e-06
5.4335    4.30723e-06
5.4345    4.34033e-06
5.4355    4.37361e-06
5.4365    4.40708e-06
5.4375    4.44075e-06
5.4385    4.4746e-06
5.4395    4.50864e-06
5.4405    4.54287e-06
5.4415    4.5773e-06
5.4425    4.61191e-06
5.4435    4.64672e-06
5.4445    4.68173e-06
5.4455    4.71693e-06
5.4465    4.75232e-06
5.4475    4.78791e-06
5.4485    4.8237e-06
5.4495    4.85968e-06
5.4505    4.89586e-06
5.4515    4.93224e-06
5.4525    4.96882e-06
5.4535    5.0056e-06
5.4545    5.04258e-06
5.4555    5.07977e-06
5.4565    5.11715e-06
5.4575    5.15474e-06
5.4585    5.19253e-06
5.4595    5.23052e-06
5.4605    5.26872e-06
5.4615    5.30712e-06
5.4625    5.34573e-06
5.4635    5.38455e-06
5.4645    5.42358e-06
5.4655    5.46281e-06
5.4665    5.50225e-06
5.4675    5.5419e-06
5.4685    5.58176e-06
5.4695    5.62184e-06
5.4705    5.66212e-06
5.4715    5.70262e-06
5.4725    5.74333e-06
5.4735    5.78425e-06
5.4745    5.82539e-06
5.4755    5.86674e-06
5.4765    5.90831e-06
5.4775    5.9501e-06
5.4785    5.9921e-06
5.4795    6.03432e-06
5.4805    6.07676e-06
5.4815    6.11942e-06
5.4825    6.1623e-06
5.4835    6.2054e-06
5.4845    6.24872e-06
5.4855    6.29226e-06
5.4865    6.33602e-06
5.4875    6.38001e-06
5.4885    6.42423e-06
5.4895    6.46866e-06
5.4905    6.51333e-06
5.4915    6.55822e-06
5.4925    6.60334e-06
5.4935    6.64868e-06
5.4945    6.69425e-06
5.4955    6.74006e-06
5.4965    6.78609e-06
5.4975    6.83235e-06
5.4985    6.87885e-06
5.4995    6.92557e-06
5.5005    6.97253e-06
5.5015    7.01972e-06
5.5025    7.06715e-06
5.5035    7.11481e-06
5.5045    7.16271e-06
5.5055    7.21084e-06
5.5065    7.25921e-06
5.5075    7.30782e-06
5.5085    7.35666e-06
5.5095    7.40575e-06
5.5105    7.45507e-06
5.5115    7.50464e-06
5.5125    7.55445e-06
5.5135    7.60449e-06
5.5145    7.65479e-06
5.5155    7.70532e-06
5.5165    7.7561e-06
5.5175    7.80712e-06
5.5185    7.85839e-06
5.5195    7.90991e-06
5.5205    7.96167e-06
5.5215    8.01368e-06
5.5225    8.06594e-06
5.5235    8.11845e-06
5.5245    8.1712e-06
5.5255    8.22421e-06
5.5265    8.27747e-06
5.5275    8.33098e-06
5.5285    8.38475e-06
5.5295    8.43876e-06
5.5305    8.49304e-06
5.5315    8.54756e-06
5.5325    8.60234e-06
5.5335    8.65738e-06
5.5345    8.71268e-06
5.5355    8.76823e-06
5.5365    8.82404e-06
5.5375    8.88012e-06
5.5385    8.93645e-06
5.5395    8.99304e-06
5.5405    9.04989e-06
5.5415    9.10701e-06
5.5425    9.16439e-06
5.5435    9.22203e-06
5.5445    9.27994e-06
5.5455    9.33811e-06
5.5465    9.39655e-06
5.5475    9.45525e-06
5.5485    9.51422e-06
5.5495    9.57346e-06
5.5505    9.63297e-06
5.5515    9.69275e-06
5.5525    9.75279e-06
5.5535    9.81311e-06
5.5545    9.8737e-06
5.5555    9.93457e-06
5.5565    9.9957e-06
5.5575    1.00571e-05
5.5585    1.01188e-05
5.5595    1.01808e-05
5.5605    1.0243e-05
5.5615    1.03055e-05
5.5625    1.03683e-05
5.5635    1.04314e-05
5.5645    1.04947e-05
5.5655    1.05583e-05
5.5665    1.06222e-05
5.5675    1.06864e-05
5.5685    1.07509e-05
5.5695    1.08157e-05
5.5705    1.08807e-05
5.5715    1.0946e-05
5.5725    1.10116e-05
5.5735    1.10775e-05
5.5745    1.11437e-05
5.5755    1.12102e-05
5.5765    1.12769e-05
5.5775    1.1344e-05
5.5785    1.14113e-05
5.5795    1.14789e-05
5.5805    1.15468e-05
5.5815    1.1615e-05
5.5825    1.16835e-05
5.5835    1.17523e-05
5.5845    1.18214e-05
5.5855    1.18908e-05
5.5865    1.19604e-05
5.5875    1.20304e-05
5.5885    1.21007e-05
5.5895    1.21712e-05
5.5905    1.22421e-05
5.5915    1.23132e-05
5.5925    1.23847e-05
5.5935    1.24565e-05
5.5945    1.25285e-05
5.5955    1.26009e-05
5.5965    1.26736e-05
5.5975    1.27465e-05
5.5985    1.28198e-05
5.5995    1.28934e-05
5.6005    1.29673e-05
5.6015    1.30415e-05
5.6025    1.31159e-05
5.6035    1.31908e-05
5.6045    1.32659e-05
5.6055    1.33413e-05
5.6065    1.3417e-05
5.6075    1.34931e-05
5.6085    1.35694e-05
5.6095    1.36461e-05
5.6105    1.37231e-05
5.6115    1.38004e-05
5.6125    1.3878e-05
5.6135    1.39559e-05
5.6145    1.40341e-05
5.6155    1.41127e-05
5.6165    1.41916e-05
5.6175    1.42708e-05
5.6185    1.43503e-05
5.6195    1.44301e-05
5.6205    1.45103e-05
5.6215    1.45907e-05
5.6225    1.46715e-05
5.6235    1.47527e-05
5.6245    1.48341e-05
5.6255    1.49159e-05
5.6265    1.4998e-05
5.6275    1.50804e-05
5.6285    1.51631e-05
5.6295    1.52462e-05
5.6305    1.53296e-05
5.6315    1.54133e-05
5.6325    1.54974e-05
5.6335    1.55818e-05
5.6345    1.56665e-05
5.6355    1.57516e-05
5.6365    1.58369e-05
5.6375    1.59227e-05
5.6385    1.60087e-05
5.6395    1.60951e-05
5.6405    1.61818e-05
5.6415    1.62689e-05
5.6425    1.63563e-05
5.6435    1.6444e-05
5.6445    1.65321e-05
5.6455    1.66205e-05
5.6465    1.67092e-05
5.6475    1.67983e-05
5.6485    1.68878e-05
5.6495    1.69775e-05
5.6505    1.70677e-05
5.6515    1.71581e-05
5.6525    1.72489e-05
5.6535    1.73401e-05
5.6545    1.74316e-05
5.6555    1.75234e-05
5.6565    1.76156e-05
5.6575    1.77082e-05
5.6585    1.7801e-05
5.6595    1.78943e-05
5.6605    1.79879e-05
5.6615    1.80818e-05
5.6625    1.81761e-05
5.6635    1.82708e-05
5.6645    1.83658e-05
5.6655    1.84611e-05
5.6665    1.85568e-05
5.6675    1.86529e-05
5.6685    1.87493e-05
5.6695    1.88461e-05
5.6705    1.89432e-05
5.6715    1.90407e-05
5.6725    1.91386e-05
5.6735    1.92368e-05
5.6745    1.93354e-05
5.6755    1.94343e-05
5.6765    1.95336e-05
5.6775    1.96333e-05
5.6785    1.97333e-05
5.6795    1.98337e-05
5.6805    1.99344e-05
5.6815    2.00356e-05
5.6825    2.01371e-05
5.6835    2.02389e-05
5.6845    2.03411e-05
5.6855    2.04437e-05
5.6865    2.05467e-05
5.6875    2.065e-05
5.6885    2.07537e-05
5.6895    2.08578e-05
5.6905    2.09623e-05
5.6915    2.10671e-05
5.6925    2.11723e-05
5.6935    2.12779e-05
5.6945    2.13838e-05
5.6955    2.14902e-05
5.6965    2.15969e-05
5.6975    2.1704e-05
5.6985    2.18114e-05
5.6995    2.19193e-05
5.7005    2.20275e-05
5.7015    2.21361e-05
5.7025    2.22451e-05
5.7035    2.23545e-05
5.7045    2.24642e-05
5.7055    2.25744e-05
5.7065    2.26849e-05
5.7075    2.27958e-05
5.7085    2.29071e-05
5.7095    2.30188e-05
5.7105    2.31308e-05
5.7115    2.32433e-05
5.7125    2.33561e-05
5.7135    2.34694e-05
5.7145    2.3583e-05
5.7155    2.3697e-05
5.7165    2.38114e-05
5.7175    2.39262e-05
5.7185    2.40414e-05
5.7195    2.4157e-05
5.7205    2.4273e-05
5.7215    2.43894e-05
5.7225    2.45062e-05
5.7235    2.46234e-05
5.7245    2.47409e-05
5.7255    2.48589e-05
5.7265    2.49773e-05
5.7275    2.50961e-05
5.7285    2.52153e-05
5.7295    2.53348e-05
5.7305    2.54548e-05
5.7315    2.55752e-05
5.7325    2.5696e-05
5.7335    2.58172e-05
5.7345    2.59388e-05
5.7355    2.60608e-05
5.7365    2.61832e-05
5.7375    2.6306e-05
5.7385    2.64293e-05
5.7395    2.65529e-05
5.7405    2.6677e-05
5.7415    2.68014e-05
5.7425    2.69263e-05
5.7435    2.70516e-05
5.7445    2.71773e-05
5.7455    2.73034e-05
5.7465    2.74299e-05
5.7475    2.75569e-05
5.7485    2.76842e-05
5.7495    2.7812e-05
5.7505    2.79402e-05
5.7515    2.80688e-05
5.7525    2.81978e-05
5.7535    2.83273e-05
5.7545    2.84571e-05
5.7555    2.85874e-05
5.7565    2.87181e-05
5.7575    2.88493e-05
5.7585    2.89808e-05
5.7595    2.91128e-05
5.7605    2.92452e-05
5.7615    2.93781e-05
5.7625    2.95113e-05
5.7635    2.9645e-05
5.7645    2.97791e-05
5.7655    2.99137e-05
5.7665    3.00486e-05
5.7675    3.0184e-05
5.7685    3.03199e-05
5.7695    3.04561e-05
5.7705    3.05928e-05
5.7715    3.07299e-05
5.7725    3.08675e-05
5.7735    3.10055e-05
5.7745    3.11439e-05
5.7755    3.12828e-05
5.7765    3.14221e-05
5.7775    3.15618e-05
5.7785    3.1702e-05
5.7795    3.18426e-05
5.7805    3.19837e-05
5.7815    3.21252e-05
5.7825    3.22671e-05
5.7835    3.24095e-05
5.7845    3.25523e-05
5.7855    3.26956e-05
5.7865    3.28393e-05
5.7875    3.29834e-05
5.7885    3.3128e-05
5.7895    3.32731e-05
5.7905    3.34186e-05
5.7915    3.35645e-05
5.7925    3.37109e-05
5.7935    3.38577e-05
5.7945    3.4005e-05
5.7955    3.41527e-05
5.7965    3.43009e-05
5.7975    3.44496e-05
5.7985    3.45986e-05
5.7995    3.47482e-05
5.8005    3.48982e-05
5.8015    3.50486e-05
5.8025    3.51995e-05
5.8035    3.53509e-05
5.8045    3.55027e-05
5.8055    3.5655e-05
5.8065    3.58077e-05
5.8075    3.59609e-05
5.8085    3.61145e-05
5.8095    3.62687e-05
5.8105    3.64232e-05
5.8115    3.65783e-05
5.8125    3.67338e-05
5.8135    3.68897e-05
5.8145    3.70461e-05
5.8155    3.7203e-05
5.8165    3.73604e-05
5.8175    3.75182e-05
5.8185    3.76765e-05
5.8195    3.78352e-05
5.8205    3.79944e-05
5.8215    3.81541e-05
5.8225    3.83143e-05
5.8235    3.84749e-05
5.8245    3.8636e-05
5.8255    3.87976e-05
5.8265    3.89596e-05
5.8275    3.91221e-05
5.8285    3.92851e-05
5.8295    3.94486e-05
5.8305    3.96125e-05
5.8315    3.97769e-05
5.8325    3.99418e-05
5.8335    4.01072e-05
5.8345    4.02731e-05
5.8355    4.04394e-05
5.8365    4.06062e-05
5.8375    4.07735e-05
5.8385    4.09412e-05
5.8395    4.11095e-05
5.8405    4.12782e-05
5.8415    4.14474e-05
5.8425    4.16171e-05
5.8435    4.17873e-05
5.8445    4.19579e-05
5.8455    4.21291e-05
5.8465    4.23007e-05
5.8475    4.24728e-05
5.8485    4.26455e-05
5.8495    4.28185e-05
5.8505    4.29921e-05
5.8515    4.31662e-05
5.8525    4.33408e-05
5.8535    4.35158e-05
5.8545    4.36914e-05
5.8555    4.38674e-05
5.8565    4.4044e-05
5.8575    4.4221e-05
5.8585    4.43985e-05
5.8595    4.45765e-05
5.8605    4.4755e-05
5.8615    4.49341e-05
5.8625    4.51136e-05
5.8635    4.52936e-05
5.8645    4.54741e-05
5.8655    4.56551e-05
5.8665    4.58366e-05
5.8675    4.60186e-05
5.8685    4.62011e-05
5.8695    4.63841e-05
5.8705    4.65676e-05
5.8715    4.67516e-05
5.8725    4.69361e-05
5.8735    4.71212e-05
5.8745    4.73067e-05
5.8755    4.74927e-05
5.8765    4.76793e-05
5.8775    4.78663e-05
5.8785    4.80539e-05
5.8795    4.82419e-05
5.8805    4.84305e-05
5.8815    4.86196e-05
5.8825    4.88092e-05
5.8835    4.89993e-05
5.8845    4.91899e-05
5.8855    4.93811e-05
5.8865    4.95727e-05
5.8875    4.97649e-05
5.8885    4.99575e-05
5.8895    5.01507e-05
5.8905    5.03444e-05
5.8915    5.05387e-05
5.8925    5.07334e-05
5.8935    5.09287e-05
5.8945    5.11244e-05
5.8955    5.13207e-05
5.8965    5.15176e-05
5.8975    5.17149e-05
5.8985    5.19128e-05
5.8995    5.21112e-05
5.9005    5.23101e-05
5.9015    5.25095e-05
5.9025    5.27094e-05
5.9035    5.29099e-05
5.9045    5.31109e-05
5.9055    5.33125e-05
5.9065    5.35145e-05
5.9075    5.37171e-05
5.9085    5.39202e-05
5.9095    5.41239e-05
5.9105    5.4328e-05
5.9115    5.45327e-05
5.9125    5.4738e-05
5.9135    5.49437e-05
5.9145    5.515e-05
5.9155    5.53569e-05
5.9165    5.55642e-05
5.9175    5.57721e-05
5.9185    5.59805e-05
5.9195    5.61895e-05
5.9205    5.6399e-05
5.9215    5.66091e-05
5.9225    5.68196e-05
5.9235    5.70308e-05
5.9245    5.72424e-05
5.9255    5.74546e-05
5.9265    5.76673e-05
5.9275    5.78806e-05
5.9285    5.80944e-05
5.9295    5.83088e-05
5.9305    5.85237e-05
5.9315    5.87391e-05
5.9325    5.89551e-05
5.9335    5.91716e-05
5.9345    5.93887e-05
5.9355    5.96063e-05
5.9365    5.98245e-05
5.9375    6.00432e-05
5.9385    6.02625e-05
5.9395    6.04823e-05
5.9405    6.07026e-05
5.9415    6.09236e-05
5.9425    6.1145e-05
5.9435    6.1367e-05
5.9445    6.15896e-05
5.9455    6.18127e-05
5.9465    6.20364e-05
5.9475    6.22606e-05
5.9485    6.24854e-05
5.9495    6.27107e-05
5.9505    6.29366e-05
5.9515    6.3163e-05
5.9525    6.339e-05
5.9535    6.36176e-05
5.9545    6.38457e-05
5.9555    6.40743e-05
5.9565    6.43036e-05
5.9575    6.45334e-05
5.9585    6.47637e-05
5.9595    6.49946e-05
5.9605    6.52261e-05
5.9615    6.54581e-05
5.9625    6.56907e-05
5.9635    6.59239e-05
5.9645    6.61576e-05
5.9655    6.63919e-05
5.9665    6.66267e-05
5.9675    6.68621e-05
5.9685    6.70981e-05
5.9695    6.73347e-05
5.9705    6.75718e-05
5.9715    6.78095e-05
5.9725    6.80477e-05
5.9735    6.82866e-05
5.9745    6.8526e-05
5.9755    6.87659e-05
5.9765    6.90065e-05
5.9775    6.92476e-05
5.9785    6.94892e-05
5.9795    6.97315e-05
5.9805    6.99743e-05
5.9815    7.02177e-05
5.9825    7.04617e-05
5.9835    7.07063e-05
5.9845    7.09514e-05
5.9855    7.11971e-05
5.9865    7.14434e-05
5.9875    7.16902e-05
5.9885    7.19377e-05
5.9895    7.21857e-05
5.9905    7.24343e-05
5.9915    7.26835e-05
5.9925    7.29332e-05
5.9935    7.31836e-05
5.9945    7.34345e-05
5.9955    7.3686e-05
5.9965    7.39381e-05
5.9975    7.41908e-05
5.9985    7.4444e-05
5.9995    7.46979e-05
6.0005    7.49523e-05
6.0015    7.52073e-05
6.0025    7.54629e-05
6.0035    7.57191e-05
6.0045    7.59759e-05
6.0055    7.62333e-05
6.0065    7.64912e-05
6.0075    7.67498e-05
6.0085    7.70089e-05
6.0095    7.72686e-05
6.0105    7.7529e-05
6.0115    7.77899e-05
6.0125    7.80514e-05
6.0135    7.83135e-05
6.0145    7.85762e-05
6.0155    7.88394e-05
6.0165    7.91033e-05
6.0175    7.93678e-05
6.0185    7.96329e-05
6.0195    7.98985e-05
6.0205    8.01648e-05
6.0215    8.04317e-05
6.0225    8.06991e-05
6.0235    8.09672e-05
6.0245    8.12359e-05
6.0255    8.15051e-05
6.0265    8.1775e-05
6.0275    8.20455e-05
6.0285    8.23165e-05
6.0295    8.25882e-05
6.0305    8.28605e-05
6.0315    8.31333e-05
6.0325    8.34068e-05
6.0335    8.36809e-05
6.0345    8.39556e-05
6.0355    8.42309e-05
6.0365    8.45068e-05
6.0375    8.47833e-05
6.0385    8.50604e-05
6.0395    8.53382e-05
6.0405    8.56165e-05
6.0415    8.58954e-05
6.0425    8.6175e-05
6.0435    8.64551e-05
6.0445    8.67359e-05
6.0455    8.70173e-05
6.0465    8.72993e-05
6.0475    8.75819e-05
6.0485    8.78651e-05
6.0495    8.8149e-05
6.0505    8.84334e-05
6.0515    8.87185e-05
6.0525    8.90042e-05
6.0535    8.92905e-05
6.0545    8.95774e-05
6.0555    8.98649e-05
6.0565    9.01531e-05
6.0575    9.04418e-05
6.0585    9.07312e-05
6.0595    9.10212e-05
6.0605    9.13119e-05
6.0615    9.16031e-05
6.0625    9.1895e-05
6.0635    9.21875e-05
6.0645    9.24806e-05
6.0655    9.27743e-05
6.0665    9.30687e-05
6.0675    9.33636e-05
6.0685    9.36592e-05
6.0695    9.39555e-05
6.0705    9.42523e-05
6.0715    9.45498e-05
6.0725    9.48479e-05
6.0735    9.51466e-05
6.0745    9.5446e-05
6.0755    9.5746e-05
6.0765    9.60466e-05
6.0775    9.63478e-05
6.0785    9.66497e-05
6.0795    9.69522e-05
6.0805    9.72553e-05
6.0815    9.75591e-05
6.0825    9.78635e-05
6.0835    9.81685e-05
6.0845    9.84742e-05
6.0855    9.87805e-05
6.0865    9.90874e-05
6.0875    9.9395e-05
6.0885    9.97032e-05
6.0895    0.000100012
6.0905    0.000100321
6.0915    0.000100632
6.0925    0.000100942
6.0935    0.000101254
6.0945    0.000101566
6.0955    0.000101878
6.0965    0.000102192
6.0975    0.000102506
6.0985    0.00010282
6.0995    0.000103135
6.1005    0.000103451
6.1015    0.000103768
6.1025    0.000104085
6.1035    0.000104403
6.1045    0.000104721
6.1055    0.00010504
6.1065    0.00010536
6.1075    0.00010568
6.1085    0.000106001
6.1095    0.000106323
6.1105    0.000106645
6.1115    0.000106968
6.1125    0.000107292
6.1135    0.000107616
6.1145    0.000107941
6.1155    0.000108266
6.1165    0.000108592
6.1175    0.000108919
6.1185    0.000109247
6.1195    0.000109575
6.1205    0.000109903
6.1215    0.000110233
6.1225    0.000110563
6.1235    0.000110894
6.1245    0.000111225
6.1255    0.000111557
6.1265    0.00011189
6.1275    0.000112223
6.1285    0.000112557
6.1295    0.000112892
6.1305    0.000113227
6.1315    0.000113563
6.1325    0.0001139
6.1335    0.000114237
6.1345    0.000114575
6.1355    0.000114913
6.1365    0.000115253
6.1375    0.000115593
6.1385    0.000115933
6.1395    0.000116274
6.1405    0.000116616
6.1415    0.000116959
6.1425    0.000117302
6.1435    0.000117646
6.1445    0.00011799
6.1455    0.000118336
6.1465    0.000118682
6.1475    0.000119028
6.1485    0.000119375
6.1495    0.000119723
6.1505    0.000120072
6.1515    0.000120421
6.1525    0.000120771
6.1535    0.000121121
6.1545    0.000121472
6.1555    0.000121824
6.1565    0.000122177
6.1575    0.00012253
6.1585    0.000122884
6.1595    0.000123238
6.1605    0.000123593
6.1615    0.000123949
6.1625    0.000124306
6.1635    0.000124663
6.1645    0.000125021
6.1655    0.000125379
6.1665    0.000125739
6.1675    0.000126099
6.1685    0.000126459
6.1695    0.00012682
6.1705    0.000127182
6.1715    0.000127545
6.1725    0.000127908
6.1735    0.000128272
6.1745    0.000128637
6.1755    0.000129002
6.1765    0.000129368
6.1775    0.000129735
6.1785    0.000130102
6.1795    0.00013047
6.1805    0.000130839
6.1815    0.000131208
6.1825    0.000131578
6.1835    0.000131949
6.1845    0.00013232
6.1855    0.000132692
6.1865    0.000133065
6.1875    0.000133438
6.1885    0.000133813
6.1895    0.000134187
6.1905    0.000134563
6.1915    0.000134939
6.1925    0.000135316
6.1935    0.000135693
6.1945    0.000136072
6.1955    0.000136451
6.1965    0.00013683
6.1975    0.00013721
6.1985    0.000137591
6.1995    0.000137973
6.2005    0.000138355
6.2015    0.000138738
6.2025    0.000139122
6.2035    0.000139507
6.2045    0.000139892
6.2055    0.000140277
6.2065    0.000140664
6.2075    0.000141051
6.2085    0.000141439
6.2095    0.000141827
6.2105    0.000142217
6.2115    0.000142607
6.2125    0.000142997
6.2135    0.000143389
6.2145    0.000143781
6.2155    0.000144173
6.2165    0.000144567
6.2175    0.000144961
6.2185    0.000145356
6.2195    0.000145751
6.2205    0.000146147
6.2215    0.000146544
6.2225    0.000146942
6.2235    0.00014734
6.2245    0.000147739
6.2255    0.000148139
6.2265    0.000148539
6.2275    0.00014894
6.2285    0.000149342
6.2295    0.000149744
6.2305    0.000150147
6.2315    0.000150551
6.2325    0.000150956
6.2335    0.000151361
6.2345    0.000151767
6.2355    0.000152174
6.2365    0.000152581
6.2375    0.000152989
6.2385    0.000153398
6.2395    0.000153807
6.2405    0.000154217
6.2415    0.000154628
6.2425    0.00015504
6.2435    0.000155452
6.2445    0.000155865
6.2455    0.000156279
6.2465    0.000156693
6.2475    0.000157108
6.2485    0.000157524
6.2495    0.000157941
6.2505    0.000158358
6.2515    0.000158776
6.2525    0.000159194
6.2535    0.000159614
6.2545    0.000160034
6.2555    0.000160454
6.2565    0.000160876
6.2575    0.000161298
6.2585    0.000161721
6.2595    0.000162145
6.2605    0.000162569
6.2615    0.000162994
6.2625    0.00016342
6.2635    0.000163846
6.2645    0.000164273
6.2655    0.000164701
6.2665    0.00016513
6.2675    0.000165559
6.2685    0.000165989
6.2695    0.00016642
6.2705    0.000166851
6.2715    0.000167283
6.2725    0.000167716
6.2735    0.00016815
6.2745    0.000168584
6.2755    0.000169019
6.2765    0.000169455
6.2775    0.000169891
6.2785    0.000170329
6.2795    0.000170766
6.2805    0.000171205
6.2815    0.000171644
6.2825    0.000172084
6.2835    0.000172525
6.2845    0.000172967
6.2855    0.000173409
6.2865    0.000173852
6.2875    0.000174295
6.2885    0.00017474
6.2895    0.000175185
6.2905    0.000175631
6.2915    0.000176077
6.2925    0.000176524
6.2935    0.000176972
6.2945    0.000177421
6.2955    0.000177871
6.2965    0.000178321
6.2975    0.000178772
6.2985    0.000179223
6.2995    0.000179675
6.3005    0.000180129
6.3015    0.000180582
6.3025    0.000181037
6.3035    0.000181492
6.3045    0.000181948
6.3055    0.000182405
6.3065    0.000182862
6.3075    0.00018332
6.3085    0.000183779
6.3095    0.000184239
6.3105    0.000184699
6.3115    0.00018516
6.3125    0.000185622
6.3135    0.000186084
6.3145    0.000186547
6.3155    0.000187011
6.3165    0.000187476
6.3175    0.000187941
6.3185    0.000188408
6.3195    0.000188874
6.3205    0.000189342
6.3215    0.00018981
6.3225    0.00019028
6.3235    0.000190749
6.3245    0.00019122
6.3255    0.000191691
6.3265    0.000192163
6.3275    0.000192636
6.3285    0.000193109
6.3295    0.000193584
6.3305    0.000194058
6.3315    0.000194534
6.3325    0.000195011
6.3335    0.000195488
6.3345    0.000195966
6.3355    0.000196444
6.3365    0.000196924
6.3375    0.000197404
6.3385    0.000197885
6.3395    0.000198366
6.3405    0.000198848
6.3415    0.000199331
6.3425    0.000199815
6.3435    0.0002003
6.3445    0.000200785
6.3455    0.000201271
6.3465    0.000201758
6.3475    0.000202245
6.3485    0.000202733
6.3495    0.000203222
6.3505    0.000203712
6.3515    0.000204203
6.3525    0.000204694
6.3535    0.000205186
6.3545    0.000205678
6.3555    0.000206172
6.3565    0.000206666
6.3575    0.000207161
6.3585    0.000207656
6.3595    0.000208153
6.3605    0.00020865
6.3615    0.000209148
6.3625    0.000209646
6.3635    0.000210146
6.3645    0.000210646
6.3655    0.000211147
6.3665    0.000211648
6.3675    0.000212151
6.3685    0.000212654
6.3695    0.000213157
6.3705    0.000213662
6.3715    0.000214167
6.3725    0.000214673
6.3735    0.00021518
6.3745    0.000215688
6.3755    0.000216196
6.3765    0.000216705
6.3775    0.000217215
6.3785    0.000217726
6.3795    0.000218237
6.3805    0.000218749
6.3815    0.000219262
6.3825    0.000219775
6.3835    0.00022029
6.3845    0.000220805
6.3855    0.00022132
6.3865    0.000221837
6.3875    0.000222354
6.3885    0.000222872
6.3895    0.000223391
6.3905    0.000223911
6.3915    0.000224431
6.3925    0.000224952
6.3935    0.000225474
6.3945    0.000225996
6.3955    0.00022652
6.3965    0.000227044
6.3975    0.000227569
6.3985    0.000228094
6.3995    0.000228621
6.4005    0.000229148
6.4015    0.000229676
6.4025    0.000230204
6.4035    0.000230734
6.4045    0.000231264
6.4055    0.000231795
6.4065    0.000232326
6.4075    0.000232859
6.4085    0.000233392
6.4095    0.000233926
6.4105    0.00023446
6.4115    0.000234996
6.4125    0.000235532
6.4135    0.000236069
6.4145    0.000236606
6.4155    0.000237145
6.4165    0.000237684
6.4175    0.000238224
6.4185    0.000238765
6.4195    0.000239306
6.4205    0.000239848
6.4215    0.000240391
6.4225    0.000240935
6.4235    0.00024148
6.4245    0.000242025
6.4255    0.000242571
6.4265    0.000243118
6.4275    0.000243665
6.4285    0.000244214
6.4295    0.000244763
6.4305    0.000245313
6.4315    0.000245863
6.4325    0.000246415
6.4335    0.000246967
6.4345    0.00024752
6.4355    0.000248073
6.4365    0.000248628
6.4375    0.000249183
6.4385    0.000249739
6.4395    0.000250295
6.4405    0.000250853
6.4415    0.000251411
6.4425    0.00025197
6.4435    0.00025253
6.4445    0.00025309
6.4455    0.000253652
6.4465    0.000254214
6.4475    0.000254777
6.4485    0.00025534
6.4495    0.000255905
6.4505    0.00025647
6.4515    0.000257036
6.4525    0.000257602
6.4535    0.00025817
6.4545    0.000258738
6.4555    0.000259307
6.4565    0.000259877
6.4575    0.000260447
6.4585    0.000261018
6.4595    0.00026159
6.4605    0.000262163
6.4615    0.000262737
6.4625    0.000263311
6.4635    0.000263886
6.4645    0.000264462
6.4655    0.000265039
6.4665    0.000265616
6.4675    0.000266194
6.4685    0.000266773
6.4695    0.000267353
6.4705    0.000267934
6.4715    0.000268515
6.4725    0.000269097
6.4735    0.00026968
6.4745    0.000270263
6.4755    0.000270848
6.4765    0.000271433
6.4775    0.000272019
6.4785    0.000272605
6.4795    0.000273193
6.4805    0.000273781
6.4815    0.00027437
6.4825    0.00027496
6.4835    0.00027555
6.4845    0.000276142
6.4855    0.000276734
6.4865    0.000277327
6.4875    0.00027792
6.4885    0.000278515
6.4895    0.00027911
6.4905    0.000279706
6.4915    0.000280302
6.4925    0.0002809
6.4935    0.000281498
6.4945    0.000282097
6.4955    0.000282697
6.4965    0.000283298
6.4975    0.000283899
6.4985    0.000284501
6.4995    0.000285104
6.5005    0.000285708
6.5015    0.000286312
6.5025    0.000286918
6.5035    0.000287524
6.5045    0.000288131
6.5055    0.000288738
6.5065    0.000289347
6.5075    0.000289956
6.5085    0.000290566
6.5095    0.000291176
6.5105    0.000291788
6.5115    0.0002924
6.5125    0.000293013
6.5135    0.000293627
6.5145    0.000294242
6.5155    0.000294857
6.5165    0.000295473
6.5175    0.00029609
6.5185    0.000296708
6.5195    0.000297326
6.5205    0.000297946
6.5215    0.000298566
6.5225    0.000299186
6.5235    0.000299808
6.5245    0.00030043
6.5255    0.000301054
6.5265    0.000301678
6.5275    0.000302302
6.5285    0.000302928
6.5295    0.000303554
6.5305    0.000304181
6.5315    0.000304809
6.5325    0.000305438
6.5335    0.000306067
6.5345    0.000306698
6.5355    0.000307329
6.5365    0.00030796
6.5375    0.000308593
6.5385    0.000309226
6.5395    0.00030986
6.5405    0.000310495
6.5415    0.000311131
6.5425    0.000311768
6.5435    0.000312405
6.5445    0.000313043
6.5455    0.000313682
6.5465    0.000314321
6.5475    0.000314962
6.5485    0.000315603
6.5495    0.000316245
6.5505    0.000316888
6.5515    0.000317531
6.5525    0.000318176
6.5535    0.000318821
6.5545    0.000319467
6.5555    0.000320113
6.5565    0.000320761
6.5575    0.000321409
6.5585    0.000322058
6.5595    0.000322708
6.5605    0.000323359
6.5615    0.00032401
6.5625    0.000324662
6.5635    0.000325315
6.5645    0.000325969
6.5655    0.000326624
6.5665    0.000327279
6.5675    0.000327935
6.5685    0.000328592
6.5695    0.00032925
6.5705    0.000329908
6.5715    0.000330568
6.5725    0.000331228
6.5735    0.000331888
6.5745    0.00033255
6.5755    0.000333213
6.5765    0.000333876
6.5775    0.00033454
6.5785    0.000335205
6.5795    0.00033587
6.5805    0.000336537
6.5815    0.000337204
6.5825    0.000337872
6.5835    0.000338541
6.5845    0.00033921
6.5855    0.000339881
6.5865    0.000340552
6.5875    0.000341224
6.5885    0.000341896
6.5895    0.00034257
6.5905    0.000343244
6.5915    0.000343919
6.5925    0.000344595
6.5935    0.000345272
6.5945    0.000345949
6.5955    0.000346628
6.5965    0.000347307
6.5975    0.000347986
6.5985    0.000348667
6.5995    0.000349348
6.6005    0.000350031
6.6015    0.000350714
6.6025    0.000351398
6.6035    0.000352082
6.6045    0.000352768
6.6055    0.000353454
6.6065    0.000354141
6.6075    0.000354828
6.6085    0.000355517
6.6095    0.000356206
6.6105    0.000356897
6.6115    0.000357588
6.6125    0.000358279
6.6135    0.000358972
6.6145    0.000359665
6.6155    0.000360359
6.6165    0.000361054
6.6175    0.00036175
6.6185    0.000362446
6.6195    0.000363144
6.6205    0.000363842
6.6215    0.000364541
6.6225    0.00036524
6.6235    0.000365941
6.6245    0.000366642
6.6255    0.000367344
6.6265    0.000368047
6.6275    0.000368751
6.6285    0.000369455
6.6295    0.000370161
6.6305    0.000370867
6.6315    0.000371573
6.6325    0.000372281
6.6335    0.00037299
6.6345    0.000373699
6.6355    0.000374409
6.6365    0.00037512
6.6375    0.000375831
6.6385    0.000376544
6.6395    0.000377257
6.6405    0.000377971
6.6415    0.000378686
6.6425    0.000379401
6.6435    0.000380118
6.6445    0.000380835
6.6455    0.000381553
6.6465    0.000382272
6.6475    0.000382992
6.6485    0.000383712
6.6495    0.000384433
6.6505    0.000385155
6.6515    0.000385878
6.6525    0.000386602
6.6535    0.000387326
6.6545    0.000388051
6.6555    0.000388777
6.6565    0.000389504
6.6575    0.000390232
6.6585    0.00039096
6.6595    0.000391689
6.6605    0.000392419
6.6615    0.00039315
6.6625    0.000393882
6.6635    0.000394614
6.6645    0.000395347
6.6655    0.000396081
6.6665    0.000396816
6.6675    0.000397552
6.6685    0.000398288
6.6695    0.000399025
6.6705    0.000399763
6.6715    0.000400502
6.6725    0.000401242
6.6735    0.000401982
6.6745    0.000402723
6.6755    0.000403465
6.6765    0.000404208
6.6775    0.000404952
6.6785    0.000405696
6.6795    0.000406442
6.6805    0.000407188
6.6815    0.000407934
6.6825    0.000408682
6.6835    0.00040943
6.6845    0.00041018
6.6855    0.00041093
6.6865    0.000411681
6.6875    0.000412432
6.6885    0.000413185
6.6895    0.000413938
6.6905    0.000414692
6.6915    0.000415447
6.6925    0.000416202
6.6935    0.000416959
6.6945    0.000417716
6.6955    0.000418474
6.6965    0.000419233
6.6975    0.000419993
6.6985    0.000420753
6.6995    0.000421515
6.7005    0.000422277
6.7015    0.00042304
6.7025    0.000423803
6.7035    0.000424568
6.7045    0.000425333
6.7055    0.000426099
6.7065    0.000426866
6.7075    0.000427634
6.7085    0.000428402
6.7095    0.000429172
6.7105    0.000429942
6.7115    0.000430713
6.7125    0.000431484
6.7135    0.000432257
6.7145    0.00043303
6.7155    0.000433804
6.7165    0.000434579
6.7175    0.000435355
6.7185    0.000436132
6.7195    0.000436909
6.7205    0.000437687
6.7215    0.000438466
6.7225    0.000439246
6.7235    0.000440027
6.7245    0.000440808
6.7255    0.00044159
6.7265    0.000442373
6.7275    0.000443157
6.7285    0.000443942
6.7295    0.000444727
6.7305    0.000445514
6.7315    0.000446301
6.7325    0.000447088
6.7335    0.000447877
6.7345    0.000448667
6.7355    0.000449457
6.7365    0.000450248
6.7375    0.00045104
6.7385    0.000451833
6.7395    0.000452626
6.7405    0.00045342
6.7415    0.000454215
6.7425    0.000455011
6.7435    0.000455808
6.7445    0.000456606
6.7455    0.000457404
6.7465    0.000458203
6.7475    0.000459003
6.7485    0.000459804
6.7495    0.000460606
6.7505    0.000461408
6.7515    0.000462211
6.7525    0.000463015
6.7535    0.00046382
6.7545    0.000464626
6.7555    0.000465432
6.7565    0.000466239
6.7575    0.000467047
6.7585    0.000467856
6.7595    0.000468666
6.7605    0.000469476
6.7615    0.000470288
6.7625    0.0004711
6.7635    0.000471913
6.7645    0.000472726
6.7655    0.000473541
6.7665    0.000474356
6.7675    0.000475172
6.7685    0.000475989
6.7695    0.000476807
6.7705    0.000477626
6.7715    0.000478445
6.7725    0.000479265
6.7735    0.000480086
6.7745    0.000480908
6.7755    0.000481731
6.7765    0.000482554
6.7775    0.000483379
6.7785    0.000484204
6.7795    0.000485029
6.7805    0.000485856
6.7815    0.000486684
6.7825    0.000487512
6.7835    0.000488341
6.7845    0.000489171
6.7855    0.000490002
6.7865    0.000490833
6.7875    0.000491666
6.7885    0.000492499
6.7895    0.000493333
6.7905    0.000494168
6.7915    0.000495003
6.7925    0.00049584
6.7935    0.000496677
6.7945    0.000497515
6.7955    0.000498354
6.7965    0.000499193
6.7975    0.000500034
6.7985    0.000500875
6.7995    0.000501717
6.8005    0.00050256
6.8015    0.000503404
6.8025    0.000504249
6.8035    0.000505094
6.8045    0.00050594
6.8055    0.000506787
6.8065    0.000507635
6.8075    0.000508483
6.8085    0.000509333
6.8095    0.000510183
6.8105    0.000511034
6.8115    0.000511886
6.8125    0.000512739
6.8135    0.000513592
6.8145    0.000514446
6.8155    0.000515302
6.8165    0.000516157
6.8175    0.000517014
6.8185    0.000517872
6.8195    0.00051873
6.8205    0.000519589
6.8215    0.000520449
6.8225    0.00052131
6.8235    0.000522172
6.8245    0.000523034
6.8255    0.000523897
6.8265    0.000524761
6.8275    0.000525626
6.8285    0.000526492
6.8295    0.000527359
6.8305    0.000528226
6.8315    0.000529094
6.8325    0.000529963
6.8335    0.000530833
6.8345    0.000531703
6.8355    0.000532575
6.8365    0.000533447
6.8375    0.00053432
6.8385    0.000535194
6.8395    0.000536068
6.8405    0.000536944
6.8415    0.00053782
6.8425    0.000538697
6.8435    0.000539575
6.8445    0.000540454
6.8455    0.000541333
6.8465    0.000542214
6.8475    0.000543095
6.8485    0.000543977
6.8495    0.00054486
6.8505    0.000545743
6.8515    0.000546628
6.8525    0.000547513
6.8535    0.000548399
6.8545    0.000549286
6.8555    0.000550174
6.8565    0.000551062
6.8575    0.000551952
6.8585    0.000552842
6.8595    0.000553733
6.8605    0.000554625
6.8615    0.000555517
6.8625    0.000556411
6.8635    0.000557305
6.8645    0.0005582
6.8655    0.000559096
6.8665    0.000559992
6.8675    0.00056089
6.8685    0.000561788
6.8695    0.000562687
6.8705    0.000563587
6.8715    0.000564488
6.8725    0.00056539
6.8735    0.000566292
6.8745    0.000567195
6.8755    0.000568099
6.8765    0.000569004
6.8775    0.00056991
6.8785    0.000570816
6.8795    0.000571724
6.8805    0.000572632
6.8815    0.000573541
6.8825    0.000574451
6.8835    0.000575361
6.8845    0.000576273
6.8855    0.000577185
6.8865    0.000578098
6.8875    0.000579012
6.8885    0.000579926
6.8895    0.000580842
6.8905    0.000581758
6.8915    0.000582675
6.8925    0.000583593
6.8935    0.000584512
6.8945    0.000585432
6.8955    0.000586352
6.8965    0.000587273
6.8975    0.000588195
6.8985    0.000589118
6.8995    0.000590042
6.9005    0.000590967
6.9015    0.000591892
6.9025    0.000592818
6.9035    0.000593745
6.9045    0.000594673
6.9055    0.000595601
6.9065    0.000596531
6.9075    0.000597461
6.9085    0.000598392
6.9095    0.000599324
6.9105    0.000600257
6.9115    0.00060119
6.9125    0.000602125
6.9135    0.00060306
6.9145    0.000603996
6.9155    0.000604933
6.9165    0.00060587
6.9175    0.000606809
6.9185    0.000607748
6.9195    0.000608688
6.9205    0.000609629
6.9215    0.000610571
6.9225    0.000611513
6.9235    0.000612457
6.9245    0.000613401
6.9255    0.000614346
6.9265    0.000615292
6.9275    0.000616238
6.9285    0.000617186
6.9295    0.000618134
6.9305    0.000619083
6.9315    0.000620033
6.9325    0.000620984
6.9335    0.000621936
6.9345    0.000622888
6.9355    0.000623841
6.9365    0.000624795
6.9375    0.00062575
6.9385    0.000626706
6.9395    0.000627662
6.9405    0.00062862
6.9415    0.000629578
6.9425    0.000630537
6.9435    0.000631497
6.9445    0.000632457
6.9455    0.000633419
6.9465    0.000634381
6.9475    0.000635344
6.9485    0.000636308
6.9495    0.000637273
6.9505    0.000638238
6.9515    0.000639205
6.9525    0.000640172
6.9535    0.00064114
6.9545    0.000642109
6.9555    0.000643079
6.9565    0.000644049
6.9575    0.00064502
6.9585    0.000645993
6.9595    0.000646966
6.9605    0.000647939
6.9615    0.000648914
6.9625    0.000649889
6.9635    0.000650866
6.9645    0.000651843
6.9655    0.000652821
6.9665    0.0006538
6.9675    0.000654779
6.9685    0.00065576
6.9695    0.000656741
6.9705    0.000657723
6.9715    0.000658706
6.9725    0.000659689
6.9735    0.000660674
6.9745    0.000661659
6.9755    0.000662645
6.9765    0.000663632
6.9775    0.00066462
6.9785    0.000665609
6.9795    0.000666598
6.9805    0.000667589
6.9815    0.00066858
6.9825    0.000669572
6.9835    0.000670565
6.9845    0.000671558
6.9855    0.000672553
6.9865    0.000673548
6.9875    0.000674544
6.9885    0.000675541
6.9895    0.000676539
6.9905    0.000677537
6.9915    0.000678537
6.9925    0.000679537
6.9935    0.000680538
6.9945    0.00068154
6.9955    0.000682542
6.9965    0.000683546
6.9975    0.00068455
6.9985    0.000685555
6.9995    0.000686561
7.0005    0.000687568
7.0015    0.000688576
7.0025    0.000689584
7.0035    0.000690594
7.0045    0.000691604
7.0055    0.000692615
7.0065    0.000693627
7.0075    0.000694639
7.0085    0.000695653
7.0095    0.000696667
7.0105    0.000697682
7.0115    0.000698698
7.0125    0.000699715
7.0135    0.000700732
7.0145    0.000701751
7.0155    0.00070277
7.0165    0.00070379
7.0175    0.000704811
7.0185    0.000705833
7.0195    0.000706855
7.0205    0.000707879
7.0215    0.000708903
7.0225    0.000709928
7.0235    0.000710954
7.0245    0.000711981
7.0255    0.000713008
7.0265    0.000714036
7.0275    0.000715066
7.0285    0.000716096
7.0295    0.000717126
7.0305    0.000718158
7.0315    0.000719191
7.0325    0.000720224
7.0335    0.000721258
7.0345    0.000722293
7.0355    0.000723329
7.0365    0.000724366
7.0375    0.000725403
7.0385    0.000726442
7.0395    0.000727481
7.0405    0.000728521
7.0415    0.000729561
7.0425    0.000730603
7.0435    0.000731646
7.0445    0.000732689
7.0455    0.000733733
7.0465    0.000734778
7.0475    0.000735824
7.0485    0.00073687
7.0495    0.000737918
7.0505    0.000738966
7.0515    0.000740015
7.0525    0.000741065
7.0535    0.000742116
7.0545    0.000743168
7.0555    0.00074422
7.0565    0.000745274
7.0575    0.000746328
7.0585    0.000747383
7.0595    0.000748438
7.0605    0.000749495
7.0615    0.000750552
7.0625    0.000751611
7.0635    0.00075267
7.0645    0.00075373
7.0655    0.000754791
7.0665    0.000755852
7.0675    0.000756915
7.0685    0.000757978
7.0695    0.000759042
7.0705    0.000760107
7.0715    0.000761173
7.0725    0.000762239
7.0735    0.000763307
7.0745    0.000764375
7.0755    0.000765444
7.0765    0.000766514
7.0775    0.000767585
7.0785    0.000768657
7.0795    0.000769729
7.0805    0.000770802
7.0815    0.000771877
7.0825    0.000772952
7.0835    0.000774027
7.0845    0.000775104
7.0855    0.000776181
7.0865    0.00077726
7.0875    0.000778339
7.0885    0.000779419
7.0895    0.0007805
7.0905    0.000781581
7.0915    0.000782664
7.0925    0.000783747
7.0935    0.000784831
7.0945    0.000785916
7.0955    0.000787002
7.0965    0.000788089
7.0975    0.000789176
7.0985    0.000790265
7.0995    0.000791354
7.1005    0.000792444
7.1015    0.000793535
7.1025    0.000794626
7.1035    0.000795719
7.1045    0.000796812
7.1055    0.000797907
7.1065    0.000799002
7.1075    0.000800097
7.1085    0.000801194
7.1095    0.000802292
7.1105    0.00080339
7.1115    0.000804489
7.1125    0.000805589
7.1135    0.00080669
7.1145    0.000807792
7.1155    0.000808895
7.1165    0.000809998
7.1175    0.000811102
7.1185    0.000812207
7.1195    0.000813313
7.1205    0.00081442
7.1215    0.000815528
7.1225    0.000816636
7.1235    0.000817746
7.1245    0.000818856
7.1255    0.000819967
7.1265    0.000821079
7.1275    0.000822191
7.1285    0.000823305
7.1295    0.000824419
7.1305    0.000825534
7.1315    0.00082665
7.1325    0.000827767
7.1335    0.000828885
7.1345    0.000830003
7.1355    0.000831123
7.1365    0.000832243
7.1375    0.000833364
7.1385    0.000834486
7.1395    0.000835609
7.1405    0.000836732
7.1415    0.000837857
7.1425    0.000838982
7.1435    0.000840108
7.1445    0.000841235
7.1455    0.000842363
7.1465    0.000843492
7.1475    0.000844621
7.1485    0.000845752
7.1495    0.000846883
7.1505    0.000848015
7.1515    0.000849148
7.1525    0.000850281
7.1535    0.000851416
7.1545    0.000852551
7.1555    0.000853688
7.1565    0.000854825
7.1575    0.000855963
7.1585    0.000857101
7.1595    0.000858241
7.1605    0.000859381
7.1615    0.000860523
7.1625    0.000861665
7.1635    0.000862808
7.1645    0.000863952
7.1655    0.000865096
7.1665    0.000866242
7.1675    0.000867388
7.1685    0.000868536
7.1695    0.000869684
7.1705    0.000870833
7.1715    0.000871982
7.1725    0.000873133
7.1735    0.000874285
7.1745    0.000875437
7.1755    0.00087659
7.1765    0.000877744
7.1775    0.000878899
7.1785    0.000880055
7.1795    0.000881211
7.1805    0.000882369
7.1815    0.000883527
7.1825    0.000884686
7.1835    0.000885846
7.1845    0.000887007
7.1855    0.000888168
7.1865    0.000889331
7.1875    0.000890494
7.1885    0.000891658
7.1895    0.000892823
7.1905    0.000893989
7.1915    0.000895156
7.1925    0.000896323
7.1935    0.000897492
7.1945    0.000898661
7.1955    0.000899831
7.1965    0.000901002
7.1975    0.000902174
7.1985    0.000903347
7.1995    0.00090452
7.2005    0.000905695
7.2015    0.00090687
7.2025    0.000908046
7.2035    0.000909223
7.2045    0.000910401
7.2055    0.000911579
7.2065    0.000912759
7.2075    0.000913939
7.2085    0.000915121
7.2095    0.000916303
7.2105    0.000917486
7.2115    0.000918669
7.2125    0.000919854
7.2135    0.000921039
7.2145    0.000922226
7.2155    0.000923413
7.2165    0.000924601
7.2175    0.00092579
7.2185    0.000926979
7.2195    0.00092817
7.2205    0.000929362
7.2215    0.000930554
7.2225    0.000931747
7.2235    0.000932941
7.2245    0.000934136
7.2255    0.000935332
7.2265    0.000936528
7.2275    0.000937726
7.2285    0.000938924
7.2295    0.000940123
7.2305    0.000941323
7.2315    0.000942524
7.2325    0.000943726
7.2335    0.000944928
7.2345    0.000946132
7.2355    0.000947336
7.2365    0.000948541
7.2375    0.000949747
7.2385    0.000950954
7.2395    0.000952162
7.2405    0.00095337
7.2415    0.00095458
7.2425    0.00095579
7.2435    0.000957001
7.2445    0.000958213
7.2455    0.000959426
7.2465    0.00096064
7.2475    0.000961854
7.2485    0.00096307
7.2495    0.000964286
7.2505    0.000965503
7.2515    0.000966721
7.2525    0.00096794
7.2535    0.00096916
7.2545    0.00097038
7.2555    0.000971602
7.2565    0.000972824
7.2575    0.000974047
7.2585    0.000975271
7.2595    0.000976496
7.2605    0.000977722
7.2615    0.000978949
7.2625    0.000980176
7.2635    0.000981404
7.2645    0.000982634
7.2655    0.000983864
7.2665    0.000985095
7.2675    0.000986326
7.2685    0.000987559
7.2695    0.000988793
7.2705    0.000990027
7.2715    0.000991262
7.2725    0.000992499
7.2735    0.000993735
7.2745    0.000994973
7.2755    0.000996212
7.2765    0.000997452
7.2775    0.000998692
7.2785    0.000999933
7.2795    0.00100118
7.2805    0.00100242
7.2815    0.00100366
7.2825    0.00100491
7.2835    0.00100615
7.2845    0.0010074
7.2855    0.00100865
7.2865    0.0010099
7.2875    0.00101114
7.2885    0.00101239
7.2895    0.00101365
7.2905    0.0010149
7.2915    0.00101615
7.2925    0.0010174
7.2935    0.00101866
7.2945    0.00101991
7.2955    0.00102117
7.2965    0.00102243
7.2975    0.00102368
7.2985    0.00102494
7.2995    0.0010262
7.3005    0.00102746
7.3015    0.00102872
7.3025    0.00102999
7.3035    0.00103125
7.3045    0.00103251
7.3055    0.00103378
7.3065    0.00103504
7.3075    0.00103631
7.3085    0.00103758
7.3095    0.00103884
7.3105    0.00104011
7.3115    0.00104138
7.3125    0.00104265
7.3135    0.00104393
7.3145    0.0010452
7.3155    0.00104647
7.3165    0.00104775
7.3175    0.00104902
7.3185    0.0010503
7.3195    0.00105158
7.3205    0.00105285
7.3215    0.00105413
7.3225    0.00105541
7.3235    0.00105669
7.3245    0.00105797
7.3255    0.00105926
7.3265    0.00106054
7.3275    0.00106182
7.3285    0.00106311
7.3295    0.00106439
7.3305    0.00106568
7.3315    0.00106697
7.3325    0.00106826
7.3335    0.00106955
7.3345    0.00107084
7.3355    0.00107213
7.3365    0.00107342
7.3375    0.00107471
7.3385    0.00107601
7.3395    0.0010773
7.3405    0.0010786
7.3415    0.00107989
7.3425    0.00108119
7.3435    0.00108249
7.3445    0.00108379
7.3455    0.00108509
7.3465    0.00108639
7.3475    0.00108769
7.3485    0.00108899
7.3495    0.00109029
7.3505    0.0010916
7.3515    0.0010929
7.3525    0.00109421
7.3535    0.00109552
7.3545    0.00109682
7.3555    0.00109813
7.3565    0.00109944
7.3575    0.00110075
7.3585    0.00110206
7.3595    0.00110338
7.3605    0.00110469
7.3615    0.001106
7.3625    0.00110732
7.3635    0.00110863
7.3645    0.00110995
7.3655    0.00111127
7.3665    0.00111259
7.3675    0.00111391
7.3685    0.00111523
7.3695    0.00111655
7.3705    0.00111787
7.3715    0.00111919
7.3725    0.00112052
7.3735    0.00112184
7.3745    0.00112317
7.3755    0.00112449
7.3765    0.00112582
7.3775    0.00112715
7.3785    0.00112848
7.3795    0.00112981
7.3805    0.00113114
7.3815    0.00113247
7.3825    0.0011338
7.3835    0.00113514
7.3845    0.00113647
7.3855    0.0011378
7.3865    0.00113914
7.3875    0.00114048
7.3885    0.00114182
7.3895    0.00114315
7.3905    0.00114449
7.3915    0.00114584
7.3925    0.00114718
7.3935    0.00114852
7.3945    0.00114986
7.3955    0.00115121
7.3965    0.00115255
7.3975    0.0011539
7.3985    0.00115525
7.3995    0.00115659
7.4005    0.00115794
7.4015    0.00115929
7.4025    0.00116064
7.4035    0.00116199
7.4045    0.00116335
7.4055    0.0011647
7.4065    0.00116605
7.4075    0.00116741
7.4085    0.00116876
7.4095    0.00117012
7.4105    0.00117148
7.4115    0.00117284
7.4125    0.0011742
7.4135    0.00117556
7.4145    0.00117692
7.4155    0.00117828
7.4165    0.00117964
7.4175    0.00118101
7.4185    0.00118237
7.4195    0.00118374
7.4205    0.00118511
7.4215    0.00118647
7.4225    0.00118784
7.4235    0.00118921
7.4245    0.00119058
7.4255    0.00119195
7.4265    0.00119332
7.4275    0.0011947
7.4285    0.00119607
7.4295    0.00119745
7.4305    0.00119882
7.4315    0.0012002
7.4325    0.00120158
7.4335    0.00120296
7.4345    0.00120433
7.4355    0.00120572
7.4365    0.0012071
7.4375    0.00120848
7.4385    0.00120986
7.4395    0.00121125
7.4405    0.00121263
7.4415    0.00121402
7.4425    0.0012154
7.4435    0.00121679
7.4445    0.00121818
7.4455    0.00121957
7.4465    0.00122096
7.4475    0.00122235
7.4485    0.00122374
7.4495    0.00122514
7.4505    0.00122653
7.4515    0.00122792
7.4525    0.00122932
7.4535    0.00123072
7.4545    0.00123211
7.4555    0.00123351
7.4565    0.00123491
7.4575    0.00123631
7.4585    0.00123771
7.4595    0.00123912
7.4605    0.00124052
7.4615    0.00124192
7.4625    0.00124333
7.4635    0.00124473
7.4645    0.00124614
7.4655    0.00124755
7.4665    0.00124896
7.4675    0.00125037
7.4685    0.00125178
7.4695    0.00125319
7.4705    0.0012546
7.4715    0.00125601
7.4725    0.00125743
7.4735    0.00125884
7.4745    0.00126026
7.4755    0.00126168
7.4765    0.00126309
7.4775    0.00126451
7.4785    0.00126593
7.4795    0.00126735
7.4805    0.00126878
7.4815    0.0012702
7.4825    0.00127162
7.4835    0.00127305
7.4845    0.00127447
7.4855    0.0012759
7.4865    0.00127732
7.4875    0.00127875
7.4885    0.00128018
7.4895    0.00128161
7.4905    0.00128304
7.4915    0.00128447
7.4925    0.00128591
7.4935    0.00128734
7.4945    0.00128877
7.4955    0.00129021
7.4965    0.00129165
7.4975    0.00129308
7.4985    0.00129452
7.4995    0.00129596
7.5005    0.0012974
7.5015    0.00129884
7.5025    0.00130028
7.5035    0.00130173
7.5045    0.00130317
7.5055    0.00130462
7.5065    0.00130606
7.5075    0.00130751
7.5085    0.00130896
7.5095    0.0013104
7.5105    0.00131185
7.5115    0.0013133
7.5125    0.00131476
7.5135    0.00131621
7.5145    0.00131766
7.5155    0.00131911
7.5165    0.00132057
7.5175    0.00132203
7.5185    0.00132348
7.5195    0.00132494
7.5205    0.0013264
7.5215    0.00132786
7.5225    0.00132932
7.5235    0.00133078
7.5245    0.00133224
7.5255    0.00133371
7.5265    0.00133517
7.5275    0.00133664
7.5285    0.0013381
7.5295    0.00133957
7.5305    0.00134104
7.5315    0.00134251
7.5325    0.00134398
7.5335    0.00134545
7.5345    0.00134692
7.5355    0.0013484
7.5365    0.00134987
7.5375    0.00135134
7.5385    0.00135282
7.5395    0.0013543
7.5405    0.00135577
7.5415    0.00135725
7.5425    0.00135873
7.5435    0.00136021
7.5445    0.00136169
7.5455    0.00136318
7.5465    0.00136466
7.5475    0.00136615
7.5485    0.00136763
7.5495    0.00136912
7.5505    0.0013706
7.5515    0.00137209
7.5525    0.00137358
7.5535    0.00137507
7.5545    0.00137656
7.5555    0.00137805
7.5565    0.00137955
7.5575    0.00138104
7.5585    0.00138254
7.5595    0.00138403
7.5605    0.00138553
7.5615    0.00138703
7.5625    0.00138853
7.5635    0.00139002
7.5645    0.00139153
7.5655    0.00139303
7.5665    0.00139453
7.5675    0.00139603
7.5685    0.00139754
7.5695    0.00139904
7.5705    0.00140055
7.5715    0.00140206
7.5725    0.00140356
7.5735    0.00140507
7.5745    0.00140658
7.5755    0.0014081
7.5765    0.00140961
7.5775    0.00141112
7.5785    0.00141263
7.5795    0.00141415
7.5805    0.00141567
7.5815    0.00141718
7.5825    0.0014187
7.5835    0.00142022
7.5845    0.00142174
7.5855    0.00142326
7.5865    0.00142478
7.5875    0.00142631
7.5885    0.00142783
7.5895    0.00142935
7.5905    0.00143088
7.5915    0.00143241
7.5925    0.00143393
7.5935    0.00143546
7.5945    0.00143699
7.5955    0.00143852
7.5965    0.00144005
7.5975    0.00144159
7.5985    0.00144312
7.5995    0.00144465
7.6005    0.00144619
7.6015    0.00144773
7.6025    0.00144926
7.6035    0.0014508
7.6045    0.00145234
7.6055    0.00145388
7.6065    0.00145542
7.6075    0.00145697
7.6085    0.00145851
7.6095    0.00146005
7.6105    0.0014616
7.6115    0.00146314
7.6125    0.00146469
7.6135    0.00146624
7.6145    0.00146779
7.6155    0.00146934
7.6165    0.00147089
7.6175    0.00147244
7.6185    0.001474
7.6195    0.00147555
7.6205    0.0014771
7.6215    0.00147866
7.6225    0.00148022
7.6235    0.00148178
7.6245    0.00148334
7.6255    0.0014849
7.6265    0.00148646
7.6275    0.00148802
7.6285    0.00148958
7.6295    0.00149115
7.6305    0.00149271
7.6315    0.00149428
7.6325    0.00149584
7.6335    0.00149741
7.6345    0.00149898
7.6355    0.00150055
7.6365    0.00150212
7.6375    0.00150369
7.6385    0.00150527
7.6395    0.00150684
7.6405    0.00150841
7.6415    0.00150999
7.6425    0.00151157
7.6435    0.00151315
7.6445    0.00151472
7.6455    0.0015163
7.6465    0.00151788
7.6475    0.00151947
7.6485    0.00152105
7.6495    0.00152263
7.6505    0.00152422
7.6515    0.0015258
7.6525    0.00152739
7.6535    0.00152898
7.6545    0.00153057
7.6555    0.00153216
7.6565    0.00153375
7.6575    0.00153534
7.6585    0.00153693
7.6595    0.00153853
7.6605    0.00154012
7.6615    0.00154172
7.6625    0.00154332
7.6635    0.00154491
7.6645    0.00154651
7.6655    0.00154811
7.6665    0.00154971
7.6675    0.00155132
7.6685    0.00155292
7.6695    0.00155452
7.6705    0.00155613
7.6715    0.00155774
7.6725    0.00155934
7.6735    0.00156095
7.6745    0.00156256
7.6755    0.00156417
7.6765    0.00156578
7.6775    0.00156739
7.6785    0.00156901
7.6795    0.00157062
7.6805    0.00157224
7.6815    0.00157385
7.6825    0.00157547
7.6835    0.00157709
7.6845    0.00157871
7.6855    0.00158033
7.6865    0.00158195
7.6875    0.00158357
7.6885    0.0015852
7.6895    0.00158682
7.6905    0.00158845
7.6915    0.00159007
7.6925    0.0015917
7.6935    0.00159333
7.6945    0.00159496
7.6955    0.00159659
7.6965    0.00159822
7.6975    0.00159985
7.6985    0.00160149
7.6995    0.00160312
